5.497359633445739746e-01,6.237463355064392090e-01,1.636998355388641357e-02,9.031260758638381958e-02,1.342418491840362549e-01,8.451596647500991821e-02,-5.039083957672119141e-02,4.214757680892944336e-02,-2.496994473040103912e-02,-1.067473366856575012e-01,-1.066357269883155823e-02,5.485052987933158875e-02,9.412793070077896118e-02,7.230851799249649048e-02,-1.728557236492633820e-02,-8.181721717119216919e-02,-1.950189024209976196e-01,-1.005798876285552979e-01,-1.669497191905975342e-01,-2.424643337726593018e-01,3.152509778738021851e-02,8.012077212333679199e-02,1.350042372941970825e-01,-2.991009689867496490e-02,-5.535406619310379028e-02,-2.690967619419097900e-01,1.628745906054973602e-02,-4.391609132289886475e-01,-6.040222570300102234e-02,-7.688663434237241745e-03,-2.670094184577465057e-02,1.809340901672840118e-02,-2.139898538589477539e-01,7.123071700334548950e-02,1.542461514472961426e-01,-2.832531230524182320e-03,-1.362246926873922348e-02,6.894403696060180664e-02,-9.680959396064281464e-03,1.762347966432571411e-01,-9.166876971721649170e-02,-1.862354427576065063e-01,-1.834253594279289246e-02,-2.915671169757843018e-01,-3.546927869319915771e-02,4.242606833577156067e-02,3.048798069357872009e-02,-7.749710232019424438e-02,7.634980976581573486e-02,-6.427251547574996948e-02,6.460488587617874146e-02,1.544881165027618408e-01,-3.918572515249252319e-02,-3.981827944517135620e-02,-1.204702481627464294e-01,1.126443892717361450e-01,-2.793038822710514069e-02,1.003785710781812668e-02,-1.214930117130279541e-01,-2.707440853118896484e-01,1.067334264516830444e-01,-1.506235897541046143e-01,-2.124342620372772217e-01,7.376339286565780640e-02,4.760774224996566772e-02,-3.317067027091979980e-01,-1.008929461240768433e-01,-1.183282509446144104e-01,1.135996580123901367e-01,6.391770148184150457e-05,-1.046612206846475601e-02,7.147577404975891113e-02,5.055647715926170349e-02,2.005603164434432983e-03,-2.296873740851879120e-02,8.547944575548171997e-02,1.290230005979537964e-01,2.855600230395793915e-02,-1.251553893089294434e-01,-1.564371585845947266e-01,-9.900890290737152100e-02,-9.251371771097183228e-02,2.804168760776519775e-01,1.109683215618133545e-01,1.606919914484024048e-01,-1.956149935722351074e-02,-1.413845364004373550e-02,-1.194304600358009338e-01,-1.792105734348297119e-01,-2.583462372422218323e-02,-1.480801850557327271e-01,2.430962473154067993e-01,1.951037719845771790e-02,1.163724958896636963e-01,5.764059722423553467e-03,1.565440557897090912e-02,8.310233056545257568e-02,-7.003221660852432251e-02
-2.570739388465881348e-01,-3.101630508899688721e-01,-1.017116103321313858e-02,1.609837450087070465e-02,-9.917116910219192505e-02,-1.285122185945510864e-01,-1.551703456789255142e-02,-1.582936048507690430e-01,5.054016411304473877e-02,-5.336001142859458923e-02,-1.364490389823913574e-01,1.012192666530609131e-01,-2.887828648090362549e-01,-1.088626086711883545e-01,-8.972472697496414185e-02,4.661736637353897095e-02,2.050925418734550476e-02,1.572155058383941650e-01,7.553339749574661255e-02,-1.376433521509170532e-01,1.790148764848709106e-02,8.128310739994049072e-02,2.564300782978534698e-02,-6.020284257829189301e-03,3.660778701305389404e-02,1.763373166322708130e-01,8.525020629167556763e-02,-3.567693009972572327e-02,5.837478116154670715e-02,3.694435954093933105e-02,5.340750515460968018e-02,1.913300901651382446e-01,7.926014065742492676e-02,-1.332154721021652222e-01,-2.708061598241329193e-02,-8.005349338054656982e-02,-2.557195723056793213e-01,-5.921599268913269043e-01,1.230687350034713745e-01,-2.542327903211116791e-02,1.268576234579086304e-01,-8.024781942367553711e-02,1.236091330647468567e-01,1.408568322658538818e-01,-1.464643031358718872e-01,-2.402786463499069214e-01,-4.311113804578781128e-02,3.116361610591411591e-02,5.974993109703063965e-02,6.982813775539398193e-02,5.012843757867813110e-03,-4.850277304649353027e-02,4.105931892991065979e-02,3.611559048295021057e-02,-1.248987168073654175e-01,1.154557093977928162e-01,-9.144907444715499878e-02,-8.222210407257080078e-02,-1.777125447988510132e-01,-1.249790377914905548e-02,-1.232812553644180298e-01,-7.398379035294055939e-03,9.070460498332977295e-02,1.219410374760627747e-01,-2.756615867838263512e-03,-3.022460639476776123e-02,1.080607250332832336e-01,1.190962120890617371e-01,-7.815179973840713501e-02,1.227982789278030396e-01,-2.622819133102893829e-02,-3.554071784019470215e-01,-6.391367316246032715e-02,-3.677283823490142822e-01,1.305173933506011963e-01,6.395361572504043579e-02,1.711213588714599609e-01,3.216528892517089844e-02,1.685276478528976440e-01,1.668608784675598145e-01,-5.588866397738456726e-02,1.357194483280181885e-01,3.134406730532646179e-02,1.013245433568954468e-01,-1.204837784171104431e-01,1.437632273882627487e-02,-7.821173965930938721e-02,9.767719544470310211e-03,4.256798699498176575e-02,2.514344174414873123e-03,-2.913952767848968506e-01,-1.674338579177856445e-01,-5.742049962282180786e-02,-3.318722546100616455e-02,-2.823128737509250641e-02,-5.565496906638145447e-02,1.263236403465270996e-01,5.081103742122650146e-02
7.954645752906799316e-01,-6.108846068382263184e-01,5.633120983839035034e-02,6.757633388042449951e-02,-2.871750667691230774e-02,-6.906582415103912354e-02,7.513433694839477539e-02,-7.251154631376266479e-02,-1.033415347337722778e-01,-2.100264430046081543e-01,-7.387115061283111572e-02,-1.033704057335853577e-01,-2.104823887348175049e-01,-3.582111094146966934e-03,8.173695206642150879e-02,5.742917209863662720e-02,2.611600421369075775e-02,-6.590531021356582642e-02,-9.235451370477676392e-02,-4.818525910377502441e-02,9.634800255298614502e-02,8.277927339076995850e-02,-1.012249514460563660e-01,5.284235812723636627e-04,-3.037053048610687256e-01,-4.881332442164421082e-02,5.118129774928092957e-03,-2.078072279691696167e-01,-2.088526636362075806e-02,1.305321753025054932e-01,-6.551722437143325806e-02,1.021549776196479797e-01,1.087279394268989563e-01,-5.267383903264999390e-02,1.229834556579589844e-01,8.576338738203048706e-02,-4.605673253536224365e-02,-1.491530686616897583e-01,1.766797602176666260e-01,-2.122556418180465698e-01,1.904802322387695312e-01,3.474684804677963257e-02,2.231563208624720573e-03,1.456819176673889160e-01,1.647894531488418579e-01,-4.899541288614273071e-02,1.364425718784332275e-01,-8.680771291255950928e-02,-1.720422804355621338e-01,-3.039500862360000610e-02,-1.033987700939178467e-01,-8.544870465993881226e-02,-1.040692999958992004e-01,-3.644107282161712646e-02,-4.904363676905632019e-02,7.636255770921707153e-02,1.087776795029640198e-01,1.918382048606872559e-01,7.560274749994277954e-02,-1.660070419311523438e-01,-1.730321720242500305e-02,-4.309296980500221252e-02,8.845459669828414917e-02,8.465270698070526123e-02,1.006028726696968079e-01,1.463401168584823608e-01,1.209437698125839233e-01,-4.326728358864784241e-02,-1.652030944824218750e-01,-6.456182897090911865e-02,6.699702888727188110e-02,-1.383196711540222168e-01,-1.323855519294738770e-01,1.851709187030792236e-01,-1.249161064624786377e-01,2.705080509185791016e-01,-1.772148907184600830e-01,5.727081373333930969e-02,5.794850736856460571e-02,9.009545296430587769e-02,-3.596428409218788147e-02,-1.138289179652929306e-02,7.512649148702621460e-02,-3.134285807609558105e-01,5.888627842068672180e-02,2.059722132980823517e-02,-5.001184064894914627e-03,4.585196822881698608e-02,2.109915204346179962e-02,-2.285998314619064331e-02,-4.588832706212997437e-02,-2.463464811444282532e-02,1.305876374244689941e-01,-1.464283466339111328e-02,-1.689908653497695923e-02,-4.839996807277202606e-03,-1.368066519498825073e-01,1.235672831535339355e-02
1.691157370805740356e-02,-3.211345374584197998e-01,-1.052933186292648315e-01,-3.947861492633819580e-02,6.124451756477355957e-02,1.423677355051040649e-01,-3.246211633086204529e-02,-1.394137144088745117e-01,8.494449406862258911e-02,-4.902274347841739655e-03,-6.839677691459655762e-02,-2.379303425550460815e-01,-5.160353705286979675e-02,4.095739219337701797e-03,1.818047091364860535e-02,-1.294628530740737915e-01,-1.024953201413154602e-01,1.584102213382720947e-02,-1.002726331353187561e-01,-8.468269952572882175e-04,-9.529592841863632202e-02,1.838972978293895721e-02,-3.112571686506271362e-02,-3.162386640906333923e-02,-8.207461982965469360e-02,1.350391656160354614e-01,-3.011139668524265289e-02,-1.741301566362380981e-01,1.923576369881629944e-02,8.982954919338226318e-02,9.501743316650390625e-02,-8.163011074066162109e-02,5.589672923088073730e-02,1.668848246335983276e-01,8.664492517709732056e-02,-6.607316434383392334e-02,4.043686389923095703e-02,7.488938717870041728e-05,-1.643664985895156860e-01,-2.295534163713455200e-01,4.821312054991722107e-02,5.425689741969108582e-02,-1.056027039885520935e-02,1.094432622194290161e-01,-2.389078140258789062e-01,4.955746605992317200e-02,1.199692413210868835e-01,-1.772672496736049652e-02,-1.244585067033767700e-01,9.651044011116027832e-02,9.142546355724334717e-02,-1.319718360900878906e-01,6.474024802446365356e-02,-1.124070882797241211e-01,6.387165188789367676e-02,-2.061791568994522095e-01,6.517074257135391235e-02,9.816212952136993408e-02,1.170556545257568359e-01,3.354245051741600037e-02,-3.347686305642127991e-02,6.125662475824356079e-02,6.659523397684097290e-02,-2.981965243816375732e-02,1.518242061138153076e-02,1.069969218224287033e-02,-3.640077635645866394e-02,7.332453876733779907e-02,-3.603044524788856506e-02,-1.523740291595458984e-01,-1.319220848381519318e-02,-1.154620200395584106e-01,7.294069230556488037e-02,-5.921530351042747498e-02,-8.771806210279464722e-02,-1.145577952265739441e-01,-1.235116831958293915e-02,1.511826366186141968e-01,4.873030632734298706e-02,-4.780538007616996765e-02,6.193911284208297729e-02,1.531165391206741333e-01,2.845006994903087616e-02,-2.017541676759719849e-01,-8.979567140340805054e-02,-6.367830559611320496e-03,-1.493358910083770752e-01,-6.788783520460128784e-02,7.109790295362472534e-02,6.111213564872741699e-02,-1.559456586837768555e-01,-2.077882587909698486e-01,-5.586093664169311523e-02,1.082285121083259583e-01,-4.520102590322494507e-02,-1.703172326087951660e-01,-3.303917050361633301e-01,-1.096764802932739258e-01
-3.710668981075286865e-01,1.439326703548431396e-01,5.566498264670372009e-02,1.564608067274093628e-01,-5.230353474617004395e-01,2.358051575720310211e-02,-1.178627535700798035e-01,-1.967404782772064209e-01,-5.048356950283050537e-02,-2.670388221740722656e-01,4.662314802408218384e-02,-2.713517053052783012e-03,-1.577861905097961426e-01,-7.383280992507934570e-02,-8.588985353708267212e-02,2.419432997703552246e-01,7.144616544246673584e-02,-3.554767742753028870e-02,-4.669089242815971375e-02,-2.749290876090526581e-02,-4.261950030922889709e-02,1.290122717618942261e-01,-8.259036391973495483e-02,-4.917718470096588135e-01,8.638246357440948486e-02,8.087640255689620972e-02,1.301158070564270020e-01,-1.912224292755126953e-01,-9.777957201004028320e-02,-2.016640901565551758e-01,1.035773009061813354e-01,3.708751127123832703e-02,6.150695309042930603e-02,7.983008772134780884e-02,-2.652969956398010254e-02,2.821937948465347290e-02,1.072774082422256470e-01,-1.179044991731643677e-01,1.069675087928771973e-01,-2.161984145641326904e-01,-2.011937201023101807e-01,-1.006301939487457275e-01,1.126102879643440247e-01,-2.169704288244247437e-01,2.834820747375488281e-01,-8.966686576604843140e-02,-4.664687812328338623e-02,-1.708917021751403809e-01,-6.148866191506385803e-02,-1.668132096529006958e-01,1.392491254955530167e-02,3.411628901958465576e-01,1.831136047840118408e-01,-8.678159862756729126e-02,-4.352708347141742706e-03,-2.519578265491873026e-04,1.463953405618667603e-01,-2.587545104324817657e-02,1.132813319563865662e-01,8.825792931020259857e-03,2.090838849544525146e-01,-3.059466481208801270e-01,-1.144789680838584900e-01,-7.265499234199523926e-02,1.234827339649200439e-01,-2.914283424615859985e-02,1.488620042800903320e-01,3.631841391324996948e-02,3.500356152653694153e-02,-9.144858270883560181e-02,-1.817833632230758667e-01,-1.764892041683197021e-01,1.347317099571228027e-01,-8.378290385007858276e-02,1.142397597432136536e-01,2.007690258324146271e-02,9.364398196339607239e-03,-2.681841887533664703e-02,-3.108806349337100983e-02,2.734459377825260162e-02,-1.181264594197273254e-01,-1.099453270435333252e-01,-2.856576174963265657e-04,-9.853719919919967651e-02,-3.119014948606491089e-02,6.163719110190868378e-03,-9.205619990825653076e-02,-4.497600346803665161e-02,-2.016157656908035278e-01,3.010751903057098389e-01,-2.402263432741165161e-01,1.231210082769393921e-01,2.963236346840858459e-02,1.465519219636917114e-01,1.434266716241836548e-01,-1.647213250398635864e-01,1.005789339542388916e-01,-1.297483146190643311e-01
-1.104750856757164001e-02,-4.363170266151428223e-01,-5.463544279336929321e-02,-1.023855153471231461e-02,-3.204646706581115723e-01,-6.753300875425338745e-02,-5.136905983090400696e-02,-1.605449169874191284e-01,-5.049724131822586060e-02,7.036983966827392578e-02,2.493636310100555420e-02,6.110508367419242859e-02,-1.767026931047439575e-01,1.230450533330440521e-02,1.124094054102897644e-01,8.385075628757476807e-02,5.561021715402603149e-02,4.105965048074722290e-02,-5.096698179841041565e-02,-7.827056944370269775e-02,-6.971412152051925659e-02,-4.422888159751892090e-02,-1.500031054019927979e-01,-2.777069807052612305e-02,9.177861362695693970e-02,-7.881943136453628540e-02,-1.665491759777069092e-01,1.729770302772521973e-01,-9.760900586843490601e-02,-1.729498803615570068e-01,1.213163956999778748e-01,-3.186719492077827454e-02,-1.280544605106115341e-02,1.206896547228097916e-02,-9.650039486587047577e-03,-2.369501441717147827e-02,-7.826872169971466064e-02,-4.350927770137786865e-01,-1.997061371803283691e-01,1.231124550104141235e-01,1.725481301546096802e-01,-2.175641357898712158e-01,-2.910549342632293701e-01,-4.392520710825920105e-02,1.080965623259544373e-01,5.303001031279563904e-02,-1.163555383682250977e-01,-3.337645530700683594e-01,1.471648961305618286e-01,-1.822765767574310303e-01,8.048493415117263794e-02,-1.026226803660392761e-01,1.531514525413513184e-01,-6.270022131502628326e-03,-2.950447201728820801e-01,2.415501475334167480e-01,1.001654472202062607e-02,-2.901806235313415527e-01,6.619602441787719727e-02,4.515625070780515671e-03,-3.672627732157707214e-02,-1.200570072978734970e-02,-8.512124419212341309e-03,1.091052368283271790e-01,2.894441410899162292e-02,-1.597230136394500732e-02,-2.403689622879028320e-01,-1.352455168962478638e-01,-2.570184879004955292e-02,-7.324549555778503418e-02,-3.523039445281028748e-02,1.393477022647857666e-01,-4.677445814013481140e-02,-7.324723154306411743e-02,-1.442100256681442261e-01,1.195927932858467102e-01,2.079366147518157959e-01,7.786296308040618896e-02,1.306771636009216309e-01,-2.481657862663269043e-01,-1.740282028913497925e-01,-2.859690189361572266e-01,-6.138271652162075043e-03,-7.234918326139450073e-02,4.310353845357894897e-02,-3.826673328876495361e-02,-1.283797528594732285e-02,-2.259559743106365204e-02,1.230900287628173828e-01,1.255686283111572266e-01,-2.098408155143260956e-02,-2.452721595764160156e-01,6.491725891828536987e-02,-2.373981475830078125e-01,2.638130187988281250e-01,-3.854643553495407104e-03,3.950355574488639832e-02,8.466278016567230225e-02
5.236920714378356934e-01,4.651610851287841797e-01,1.425329297780990601e-01,4.483215883374214172e-02,1.071362942457199097e-01,-5.957275629043579102e-03,-1.100366488099098206e-01,9.625108540058135986e-02,9.791787713766098022e-02,2.155799120664596558e-01,3.261227533221244812e-02,-9.581236168742179871e-03,-1.786823868751525879e-01,4.136696457862854004e-02,-7.463406771421432495e-02,5.579824373126029968e-02,1.860960386693477631e-02,-2.637735195457935333e-02,-5.113974586129188538e-02,-7.998041808605194092e-03,1.043200120329856873e-01,-2.827095985412597656e-01,4.464861750602722168e-02,-1.224087998270988464e-01,1.695419847965240479e-01,-1.554452627897262573e-01,3.577235713601112366e-02,-9.885438531637191772e-02,-1.334789246320724487e-01,7.652195543050765991e-02,8.975806832313537598e-02,4.837185144424438477e-03,-1.321140527725219727e-01,-7.292167097330093384e-02,2.978732623159885406e-02,-1.284933928400278091e-02,7.769741117954254150e-02,1.108855232596397400e-01,4.072328656911849976e-02,4.182974994182586670e-02,-1.611300855875015259e-01,-4.413148562889546156e-04,-6.861798465251922607e-02,-9.731733798980712891e-02,4.134970903396606445e-02,1.280290037393569946e-01,-7.272993214428424835e-03,2.731853127479553223e-01,1.015453338623046875e-01,-1.239949166774749756e-01,-2.634456614032387733e-03,7.285404205322265625e-02,-4.199919849634170532e-02,1.057206317782402039e-01,-6.425998359918594360e-02,-1.997190713882446289e-01,9.752271324396133423e-02,1.207077726721763611e-01,-1.064816117286682129e-01,-1.347504556179046631e-01,1.190900988876819611e-02,-8.615414798259735107e-02,-6.235356628894805908e-02,1.532047092914581299e-01,3.446798771619796753e-02,2.933693118393421173e-02,2.918766252696514130e-02,1.155987679958343506e-01,8.696968853473663330e-02,-3.052002377808094025e-02,-5.349725857377052307e-02,2.351866103708744049e-02,-6.459427624940872192e-02,2.173440158367156982e-02,7.028096914291381836e-02,-1.920478492975234985e-01,2.452729083597660065e-02,-5.155118927359580994e-02,-1.775976121425628662e-01,4.887101799249649048e-02,-1.839795559644699097e-01,-7.563857361674308777e-03,1.841956377029418945e-01,-2.097127214074134827e-02,-1.048868969082832336e-01,-1.241562217473983765e-01,-1.020338758826255798e-01,4.126634076237678528e-02,-1.457834094762802124e-01,2.427919954061508179e-01,-1.887428313493728638e-01,-7.736026495695114136e-02,-6.230399757623672485e-02,1.700053215026855469e-01,-8.369661867618560791e-02,-1.429303586483001709e-01,4.866217076778411865e-02,1.114987358450889587e-01
-6.624665856361389160e-01,7.502818703651428223e-01,1.292771399021148682e-01,-1.760860532522201538e-01,-8.987890183925628662e-02,-4.398351535201072693e-02,5.000032112002372742e-02,-1.310234814882278442e-01,-1.199344098567962646e-01,4.966603219509124756e-02,2.186619117856025696e-02,-3.962526470422744751e-02,-1.212304159998893738e-01,1.679165065288543701e-01,9.386067092418670654e-02,-1.337250322103500366e-01,-1.221571415662765503e-01,-4.208727180957794189e-02,6.026594713330268860e-02,-1.973012834787368774e-01,-2.661284804344177246e-02,3.210860490798950195e-02,1.513985823839902878e-02,-9.474953263998031616e-02,-1.442045206204056740e-03,7.803241908550262451e-02,-4.971937462687492371e-02,2.238112268969416618e-03,5.826088041067123413e-02,-1.802569478750228882e-01,-5.990231409668922424e-02,1.897836476564407349e-01,8.059827238321304321e-02,2.266790717840194702e-02,-1.465065628290176392e-01,1.287837326526641846e-01,-1.389060020446777344e-01,9.793549031019210815e-02,-1.338091492652893066e-01,-1.227566674351692200e-01,1.301749795675277710e-01,1.040928885340690613e-01,-3.583749756217002869e-02,3.949779644608497620e-02,-8.837869763374328613e-02,-8.654705435037612915e-02,-2.346674539148807526e-02,1.062108799815177917e-01,5.492105334997177124e-02,9.569826722145080566e-02,-1.350250542163848877e-01,6.704461295157670975e-03,-6.947962194681167603e-02,-5.908044800162315369e-02,2.400589734315872192e-01,-1.859289556741714478e-01,1.774208545684814453e-01,7.776624709367752075e-02,-9.758685529232025146e-02,9.291424602270126343e-02,-1.283434126526117325e-02,-2.883147215470671654e-03,-9.442439675331115723e-02,7.031506393104791641e-03,3.195922356098890305e-03,-4.583787918090820312e-02,-2.019817233085632324e-01,1.580054163932800293e-01,8.102466352283954620e-03,8.376901596784591675e-02,7.446913421154022217e-02,-7.120120525360107422e-02,-2.313472889363765717e-02,8.027729392051696777e-02,-1.327614039182662964e-01,-1.401596218347549438e-01,-3.837752342224121094e-02,-5.563066899776458740e-02,-2.465172708034515381e-01,-1.485013961791992188e-01,-3.131017461419105530e-02,1.818510890007019043e-01,1.228090003132820129e-01,1.743702888488769531e-01,8.269629627466201782e-02,-8.420372009277343750e-02,-7.309305667877197266e-02,1.673460565507411957e-02,1.838700263760983944e-03,-4.697855189442634583e-02,1.122324913740158081e-01,-5.805575475096702576e-02,1.341839581727981567e-01,-1.732158958911895752e-01,-3.902203589677810669e-02,-2.081914804875850677e-02,-2.394022420048713684e-02,-1.111552715301513672e-01
-4.264206588268280029e-01,6.124354004859924316e-01,2.193788141012191772e-01,2.680941252037882805e-03,-1.303312480449676514e-01,-1.974450424313545227e-02,9.307457506656646729e-02,-5.528990924358367920e-02,1.794070154428482056e-01,8.954121917486190796e-02,7.965224981307983398e-02,7.321307063102722168e-02,-5.720024555921554565e-02,8.984472602605819702e-02,-2.783947624266147614e-02,2.565988898277282715e-02,-4.029655158519744873e-01,-1.037562116980552673e-01,-8.090062066912651062e-03,-8.457057178020477295e-02,-1.848615258932113647e-01,-1.020589172840118408e-01,-9.639329463243484497e-02,2.281028628349304199e-01,-2.746966481208801270e-01,-1.908263862133026123e-01,1.716572209261357784e-03,-8.476717770099639893e-02,-5.712384730577468872e-02,-2.377471514046192169e-02,5.076933652162551880e-03,-1.613708287477493286e-01,1.066635549068450928e-01,4.197560995817184448e-02,-6.802685558795928955e-02,-4.006884526461362839e-03,-4.667205736041069031e-02,-3.501608669757843018e-01,-8.932010270655155182e-03,2.471609599888324738e-02,-3.276469707489013672e-01,-1.296957433223724365e-01,-1.275358498096466064e-01,-1.138076707720756531e-01,-2.320170253515243530e-01,7.764483243227005005e-02,6.040734425187110901e-02,-1.096072494983673096e-01,-6.984721869230270386e-02,-5.609674006700515747e-02,8.534934371709823608e-02,-1.170242726802825928e-01,8.516111224889755249e-02,-1.760082691907882690e-01,-1.924084872007369995e-01,2.543246373534202576e-02,-2.093430608510971069e-01,-3.091380000114440918e-02,-6.972857564687728882e-02,-1.592718362808227539e-01,9.640967845916748047e-02,4.567178897559642792e-03,-2.925353348255157471e-01,1.234508212655782700e-02,-1.703992336988449097e-01,1.001154351979494095e-02,-1.866223104298114777e-02,6.569401174783706665e-02,-5.717601627111434937e-02,3.136074170470237732e-02,-7.416710257530212402e-02,2.075812220573425293e-01,-7.713878154754638672e-02,-1.418418139219284058e-01,2.407478243112564087e-01,-7.928059995174407959e-02,6.014912948012351990e-02,-9.359889477491378784e-02,3.457987681031227112e-02,2.854114957153797150e-02,2.595430798828601837e-02,7.518789172172546387e-02,1.138090938329696655e-01,9.019336104393005371e-02,4.946688562631607056e-02,-1.980314999818801880e-01,1.078091338276863098e-01,1.632638461887836456e-02,1.208282262086868286e-01,-1.563977152109146118e-01,1.326079219579696655e-01,-1.082444489002227783e-01,3.434794768691062927e-02,-1.747842431068420410e-01,2.534471154212951660e-01,3.423641622066497803e-01,-1.420765519142150879e-01,-1.227135676890611649e-02
-3.846938610076904297e-01,-9.954112768173217773e-01,2.980276942253112793e-02,-2.728437539190053940e-03,-6.418379396200180054e-02,1.261878013610839844e-01,-3.745063766837120056e-02,-1.193355023860931396e-01,-3.699388355016708374e-02,-7.219700515270233154e-02,-2.071584016084671021e-01,-7.247790694236755371e-02,-1.716025546193122864e-02,-7.463051378726959229e-02,-1.566266268491744995e-02,-2.341324985027313232e-01,1.366511434316635132e-01,-5.982290580868721008e-02,2.032018825411796570e-02,7.450524251908063889e-03,3.576537221670150757e-02,-3.028390370309352875e-02,1.102111712098121643e-01,-4.580466449260711670e-02,-1.758737489581108093e-02,1.020362377166748047e-01,-1.674216985702514648e-01,-5.977308610454201698e-04,2.412435412406921387e-02,5.643361061811447144e-02,-1.330417115241289139e-02,-1.486498564481735229e-01,-5.484372749924659729e-02,6.745766103267669678e-02,6.733672320842742920e-02,-1.052056029438972473e-01,-7.495307177305221558e-02,-8.393140882253646851e-02,-2.861768007278442383e-02,-1.265130937099456787e-01,-3.335800394415855408e-02,8.886692672967910767e-02,-8.436384052038192749e-02,-1.444353014230728149e-01,-7.515688985586166382e-02,-8.031998760998249054e-03,4.165406525135040283e-02,6.918486952781677246e-02,-7.435564696788787842e-02,-1.448753010481595993e-02,1.957715861499309540e-02,7.198941707611083984e-02,6.965710222721099854e-02,7.817894965410232544e-02,-1.385749131441116333e-01,-3.929993510246276855e-02,-4.779961891472339630e-03,-1.202621757984161377e-01,-1.583103463053703308e-02,-2.205936051905155182e-02,-5.353096127510070801e-02,-7.798118144273757935e-02,3.960668668150901794e-02,2.099207788705825806e-02,1.243539825081825256e-01,-3.788167238235473633e-02,-9.631802677176892757e-04,-3.104605246335268021e-03,-4.423968866467475891e-02,-9.155152738094329834e-02,1.483442038297653198e-01,-1.011239811778068542e-01,-2.366912178695201874e-02,7.945543155074119568e-03,-2.716347575187683105e-01,-4.692542552947998047e-02,1.039248779416084290e-01,3.247681260108947754e-02,8.920875191688537598e-02,-5.497211217880249023e-01,4.018927924335002899e-03,-3.592693060636520386e-02,-2.002740837633609772e-02,-2.455131858587265015e-01,8.821579813957214355e-02,4.811717569828033447e-02,-1.829389035701751709e-01,2.415971271693706512e-02,7.251260429620742798e-02,-3.840853646397590637e-02,1.839359700679779053e-01,-5.259571596980094910e-02,1.125471107661724091e-02,1.819406077265739441e-02,-1.646958291530609131e-01,-3.661271631717681885e-01,-4.944473505020141602e-01,-3.671522485092282295e-03
1.357707008719444275e-02,8.147172927856445312e-01,-2.571557760238647461e-01,4.947151988744735718e-02,-2.328902296721935272e-02,-1.883974075317382812e-01,-1.064414456486701965e-01,2.575038932263851166e-02,1.161755919456481934e-01,-3.611256368458271027e-03,-5.716527625918388367e-02,-4.969362914562225342e-02,9.545408934354782104e-02,-4.472585394978523254e-02,-1.377003490924835205e-01,1.173867881298065186e-01,1.255567073822021484e-01,-1.359966099262237549e-01,-1.984165310859680176e-01,7.685072720050811768e-02,-1.028199866414070129e-01,1.296493411064147949e-01,-1.862177401781082153e-01,3.663022303953766823e-03,-2.060983533738180995e-04,6.967212259769439697e-02,9.594450891017913818e-02,4.101880639791488647e-02,3.765486180782318115e-02,-4.311758279800415039e-02,1.593079566955566406e-01,-1.174960099160671234e-02,-1.177372485399246216e-01,4.524305090308189392e-02,4.923247918486595154e-02,-2.002399712800979614e-01,-1.963261812925338745e-01,6.471623480319976807e-02,6.092306599020957947e-02,1.950545608997344971e-01,-1.499143689870834351e-01,8.792569488286972046e-02,2.423231676220893860e-02,1.335372775793075562e-01,-2.557722665369510651e-02,-8.443505316972732544e-02,-8.863033354282379150e-02,-6.091871857643127441e-02,3.577679162845015526e-03,7.813501358032226562e-02,-1.016828119754791260e-01,-1.016823109239339828e-02,-1.328118890523910522e-01,4.058484733104705811e-02,1.175205409526824951e-01,-9.785828739404678345e-02,6.898516416549682617e-02,1.154053360223770142e-01,1.034262031316757202e-01,-1.038339808583259583e-01,-1.020008604973554611e-02,-1.815754547715187073e-02,-6.614056974649429321e-02,1.056508496403694153e-01,-4.149376973509788513e-02,6.767112016677856445e-02,-2.627391219139099121e-01,1.880450360476970673e-02,1.651261374354362488e-02,8.524061180651187897e-03,-6.716690212488174438e-02,-5.809433013200759888e-02,5.290929600596427917e-02,1.632460057735443115e-01,2.028374001383781433e-02,2.281421609222888947e-02,4.468626156449317932e-02,4.222494736313819885e-02,-1.687790155410766602e-01,1.006219163537025452e-01,-5.369917675852775574e-02,-1.285821050405502319e-01,-2.996510080993175507e-02,-7.113818824291229248e-02,2.395902574062347412e-02,1.475120149552822113e-02,1.197464913129806519e-01,1.042505800724029541e-01,-1.069195643067359924e-01,3.157398477196693420e-02,1.405664235353469849e-01,-4.639507457613945007e-02,6.837879866361618042e-02,1.443414762616157532e-02,2.172341495752334595e-01,-1.014159396290779114e-01,-7.974875159561634064e-03,1.119856983423233032e-01
-8.287302851676940918e-01,3.167492449283599854e-01,1.062184348702430725e-01,8.141528815031051636e-02,-8.065436035394668579e-02,1.288513243198394775e-01,1.321343481540679932e-01,8.078321814537048340e-02,1.003665104508399963e-01,-1.554382592439651489e-01,5.432138964533805847e-02,-3.044840646907687187e-03,6.739788223057985306e-03,-9.776504337787628174e-02,-6.684169173240661621e-02,-9.227497130632400513e-02,3.949769586324691772e-02,-3.113861083984375000e-01,-5.363976582884788513e-02,6.599182728677988052e-03,-6.064064055681228638e-02,-7.384011149406433105e-02,7.909217476844787598e-02,1.080495640635490417e-01,-1.040557324886322021e-01,-1.480396836996078491e-01,5.661444365978240967e-02,2.188372053205966949e-02,6.487692892551422119e-02,-1.390742957592010498e-01,6.006198376417160034e-02,-5.562919750809669495e-02,-1.431438326835632324e-01,-6.260064989328384399e-02,6.272915750741958618e-02,-1.031523104757070541e-02,-1.356607303023338318e-02,8.635497093200683594e-02,4.693406075239181519e-02,-2.538460493087768555e-02,-2.054485492408275604e-02,-1.889625340700149536e-01,-5.694464594125747681e-02,-1.648936271667480469e-01,-1.097988262772560120e-01,-1.050677448511123657e-01,-2.158699631690979004e-01,7.760836184024810791e-02,7.450558245182037354e-02,2.181183695793151855e-01,-2.146996855735778809e-01,-8.901812136173248291e-02,-1.986693739891052246e-01,-3.780512213706970215e-01,-4.069386050105094910e-02,2.814268320798873901e-02,-4.890609532594680786e-02,-2.594131231307983398e-01,-7.875210046768188477e-02,7.289566844701766968e-02,-4.403012990951538086e-01,-8.186188526451587677e-03,-2.069922387599945068e-01,2.761441767215728760e-01,-8.042464405298233032e-02,-9.562529623508453369e-03,-3.454079478979110718e-02,4.375346004962921143e-02,5.328568816184997559e-02,-5.833783000707626343e-02,5.767253786325454712e-02,-1.412312835454940796e-01,-2.126674354076385498e-01,-8.206798136234283447e-02,1.518599241971969604e-01,-3.114185295999050140e-02,1.075104698538780212e-01,3.205688297748565674e-02,-1.043056920170783997e-01,5.845446884632110596e-02,-7.312853634357452393e-02,-1.458019111305475235e-02,3.208761289715766907e-02,-1.144130304455757141e-01,1.089011281728744507e-01,-1.630727201700210571e-01,1.580647677183151245e-01,1.191684603691101074e-02,-3.699649870395660400e-02,-3.427348136901855469e-01,-4.232593253254890442e-02,1.281823515892028809e-01,-7.761384546756744385e-02,8.220156282186508179e-02,1.734175346791744232e-02,1.266544163227081299e-01,7.728203665465116501e-03,9.372550994157791138e-02
-2.656253576278686523e-01,3.457695841789245605e-01,-2.459603399038314819e-01,-1.531059443950653076e-01,1.627638936042785645e-02,1.441888883709907532e-02,-7.523926347494125366e-02,-2.138847112655639648e-02,3.918152675032615662e-02,3.589420765638351440e-02,3.169445320963859558e-02,2.054971270263195038e-02,5.174115300178527832e-02,6.573510915040969849e-02,9.437453746795654297e-02,5.813067778944969177e-02,1.180314794182777405e-01,-6.113939359784126282e-02,1.736605912446975708e-01,-1.775563210248947144e-01,-1.981490552425384521e-01,3.413986996747553349e-04,-2.080141939222812653e-02,-7.820352166891098022e-02,3.384275361895561218e-02,-1.591331791132688522e-03,-5.149176716804504395e-02,1.030233800411224365e-01,6.693075876682996750e-03,2.334763705730438232e-01,-7.170770317316055298e-02,-2.140464335680007935e-01,5.978344753384590149e-02,-9.231927990913391113e-02,-8.830122649669647217e-03,-2.879119478166103363e-02,-1.044093519449234009e-01,-9.434284269809722900e-02,1.159680355340242386e-02,1.927306354045867920e-01,1.394345015287399292e-01,-2.501004002988338470e-02,-3.615054115653038025e-02,-1.218670979142189026e-01,6.680479645729064941e-02,-7.820579409599304199e-02,-9.361497126519680023e-03,-2.195429615676403046e-02,-8.757688105106353760e-02,2.347907284274697304e-03,2.022999338805675507e-02,1.119003519415855408e-01,6.770658493041992188e-02,-1.004695054143667221e-02,3.157271742820739746e-01,2.241643518209457397e-01,-1.494759880006313324e-02,-3.235113918781280518e-01,1.800965890288352966e-02,-5.124129727482795715e-02,-2.057065255939960480e-03,-4.051604494452476501e-02,1.025941967964172363e-01,-3.684550151228904724e-02,4.846059158444404602e-02,1.612014696002006531e-02,-1.198685243725776672e-01,-9.354246407747268677e-02,1.066926121711730957e-01,-1.636318862438201904e-01,1.190004721283912659e-01,7.097712159156799316e-02,2.970783971250057220e-02,-8.699886500835418701e-03,4.951495677232742310e-02,1.117167174816131592e-01,1.588264405727386475e-01,-4.123243391513824463e-01,1.470545213669538498e-02,-1.662288457155227661e-01,-1.604325771331787109e-01,-2.251423448324203491e-01,1.753950566053390503e-01,5.812306702136993408e-02,-7.433548569679260254e-02,-3.355669602751731873e-02,-1.680591404438018799e-01,1.195177137851715088e-01,-7.151056826114654541e-02,8.439912647008895874e-02,-3.684334456920623779e-01,4.147810395807027817e-03,-5.217289179563522339e-02,-5.250869318842887878e-02,1.989282667636871338e-02,5.114201456308364868e-02,-3.372162953019142151e-02,1.293903589248657227e-01
-5.494926571846008301e-01,-1.537322640419006348e+00,-4.621881817001849413e-04,1.115891933441162109e-01,2.430075407028198242e-02,5.233763903379440308e-02,-2.130727097392082214e-02,-3.818820416927337646e-02,-3.960669040679931641e-02,-2.662615478038787842e-01,-9.870330989360809326e-02,-2.604497037827968597e-02,1.700812578201293945e-02,4.516208544373512268e-02,-3.830293193459510803e-02,-1.191086620092391968e-01,-5.275436118245124817e-02,-4.046566784381866455e-02,3.707459254655987024e-04,-7.506157457828521729e-02,4.083271324634552002e-02,-2.754935622215270996e-02,-1.531492173671722412e-02,1.078195199370384216e-01,-2.033087052404880524e-02,-2.183216810226440430e-01,-5.976399034261703491e-02,-2.365921139717102051e-01,-8.708669245243072510e-02,-2.082021981477737427e-01,1.575726419687271118e-01,-5.519292782992124557e-03,-1.779811084270477295e-01,-2.149970084428787231e-01,-1.368976384401321411e-01,2.728871628642082214e-02,-8.204464614391326904e-02,1.620349846780300140e-02,6.681719422340393066e-02,7.110594958066940308e-02,-1.746817529201507568e-01,-1.136987283825874329e-01,3.561921790242195129e-02,-7.857115566730499268e-02,-1.779713183641433716e-01,-6.054177414625883102e-03,8.936994522809982300e-02,6.139677949249744415e-03,-1.886452920734882355e-02,-8.904135227203369141e-02,-5.448621511459350586e-02,-1.060100048780441284e-01,-1.075046360492706299e-01,-3.009282425045967102e-02,-1.251273155212402344e-01,-5.636126548051834106e-02,3.678547218441963196e-02,-6.775470077991485596e-02,-2.743230387568473816e-02,-1.145820617675781250e-01,3.096868051216006279e-03,-7.791923731565475464e-02,-1.471986174583435059e-01,9.302893280982971191e-02,-9.447741508483886719e-02,-5.637449771165847778e-02,5.309531465172767639e-02,-9.132045507431030273e-02,-5.049167200922966003e-02,2.523765712976455688e-02,-1.627160906791687012e-01,3.463439270853996277e-02,5.081835761666297913e-02,-1.057025864720344543e-01,2.112391404807567596e-02,-8.827850222587585449e-02,1.670060604810714722e-01,-2.300274558365345001e-02,1.232776716351509094e-01,-7.445188611745834351e-02,7.081639021635055542e-03,-6.449108570814132690e-02,-1.465218067169189453e-01,-8.108878135681152344e-02,-5.827942863106727600e-02,1.398641765117645264e-01,-8.140480145812034607e-03,-2.401730567216873169e-01,9.104874730110168457e-02,-1.516597438603639603e-02,1.446900814771652222e-01,2.228328399360179901e-02,4.485897347331047058e-02,1.112008467316627502e-01,-1.032984033226966858e-01,-1.069901585578918457e-01,1.922545768320560455e-02,-5.069644376635551453e-02
1.481456905603408813e-01,-2.143463194370269775e-01,-1.377999689429998398e-02,3.531702980399131775e-02,2.042382955551147461e-02,-6.751621514558792114e-02,9.924808889627456665e-02,5.565718561410903931e-02,1.694350987672805786e-01,6.886267103254795074e-03,1.743388622999191284e-01,2.647727727890014648e-02,6.780823320150375366e-02,-1.066309586167335510e-02,9.218787401914596558e-02,-6.804153323173522949e-02,-3.465753793716430664e-01,-2.329152077436447144e-01,-7.736250013113021851e-02,1.299840360879898071e-01,-6.408560276031494141e-02,-3.015326522290706635e-02,3.910526167601346970e-03,1.822834461927413940e-01,-1.439129263162612915e-01,-3.538503125309944153e-02,-1.313388496637344360e-01,-1.178999431431293488e-02,-1.118428856134414673e-01,-2.507247030735015869e-02,1.300998628139495850e-01,-2.072413116693496704e-01,-6.387919932603836060e-02,5.769731476902961731e-02,-2.182705141603946686e-02,1.414567679166793823e-01,6.811876595020294189e-02,1.798288077116012573e-01,-2.605893313884735107e-01,-2.053383439779281616e-01,1.184133812785148621e-01,-1.698671579360961914e-01,1.386212259531021118e-01,1.746877133846282959e-01,1.435239762067794800e-01,1.457513719797134399e-01,4.939204081892967224e-02,-7.522547990083694458e-02,-1.254540681838989258e-01,3.832219541072845459e-02,-1.439730077981948853e-01,-3.701364696025848389e-01,-1.767675131559371948e-01,8.005857467651367188e-02,-2.068586647510528564e-02,7.530187815427780151e-02,-2.405224554240703583e-02,2.586312033236026764e-02,6.380253285169601440e-02,1.583764702081680298e-01,-5.159784108400344849e-02,-2.104285508394241333e-01,2.650751546025276184e-02,1.999838463962078094e-02,3.188516572117805481e-02,-1.042819023132324219e-02,2.743539214134216309e-02,1.238622963428497314e-01,-1.302605718374252319e-01,-1.300870627164840698e-01,-3.448142409324645996e-01,-9.763532876968383789e-02,9.266246110200881958e-02,7.513693720102310181e-02,1.073476448655128479e-01,-1.338273882865905762e-01,2.957910001277923584e-01,-5.388433858752250671e-02,3.363788500428199768e-02,7.574787735939025879e-02,3.846167773008346558e-02,2.095270901918411255e-02,-1.215743049979209900e-01,4.546695575118064880e-02,1.323047280311584473e-01,-6.225372478365898132e-02,-1.029154751449823380e-02,2.442912161350250244e-01,-1.470811985200271010e-04,-2.674458026885986328e-01,-3.246743977069854736e-01,2.852368652820587158e-01,-2.227951399981975555e-02,2.405390702188014984e-02,2.886731736361980438e-02,1.532254815101623535e-01,1.220574006438255310e-01,-4.584952890872955322e-01
3.693600883707404137e-03,-3.494722604751586914e+00,-3.345081582665443420e-02,2.715213783085346222e-02,3.130777552723884583e-02,5.789803713560104370e-02,-1.422243844717741013e-02,3.569436073303222656e-02,6.341938674449920654e-02,3.106149472296237946e-02,5.642504990100860596e-02,-2.522232942283153534e-02,-2.475220011547207832e-03,-5.574185028672218323e-02,5.227960273623466492e-02,2.135206013917922974e-02,-6.332775950431823730e-02,1.872640103101730347e-02,4.700859636068344116e-02,5.031324923038482666e-02,-2.869988605380058289e-02,7.654908299446105957e-02,3.874123468995094299e-02,1.018761657178401947e-02,3.593827364966273308e-03,-1.312786638736724854e-01,4.575969278812408447e-02,-1.248025968670845032e-01,-9.700143709778785706e-03,-4.855698347091674805e-02,6.899305433034896851e-02,-3.166795475408434868e-03,-2.273533865809440613e-02,7.131888717412948608e-02,1.331353001296520233e-02,-2.437208965420722961e-02,3.641612827777862549e-02,-3.953748941421508789e-02,1.826595216989517212e-01,1.336935535073280334e-02,1.028130296617746353e-02,2.568222023546695709e-02,6.034897640347480774e-02,-1.587984561920166016e-01,-6.064258515834808350e-02,-3.603155910968780518e-02,-2.586063183844089508e-02,3.759706392884254456e-02,8.214096538722515106e-03,-4.554392024874687195e-02,5.636525899171829224e-02,-4.485261812806129456e-02,-4.817880690097808838e-02,-1.481436099857091904e-02,-6.207784265279769897e-02,5.239183548837900162e-03,-1.815239340066909790e-01,-8.054984733462333679e-03,7.910332083702087402e-02,2.661852166056632996e-02,1.943176239728927612e-02,1.678833551704883575e-02,4.092399775981903076e-02,-1.111577004194259644e-01,-1.196717917919158936e-01,5.701456591486930847e-02,2.946445532143115997e-02,7.846287451684474945e-03,-1.531895156949758530e-02,-2.848463691771030426e-02,-1.642818450927734375e-01,-2.936736680567264557e-02,1.029880158603191376e-02,-6.100345775485038757e-02,4.422381520271301270e-02,1.991360634565353394e-02,8.482020348310470581e-02,-5.636226758360862732e-02,4.160874709486961365e-02,-2.479780092835426331e-02,1.664498634636402130e-02,-2.315651997923851013e-02,1.995749771595001221e-02,4.837835952639579773e-02,4.056961461901664734e-02,5.265326052904129028e-02,1.401278655976057053e-02,-9.602285921573638916e-02,-5.008349195122718811e-02,-7.718829065561294556e-02,-1.795076392590999603e-02,5.540333315730094910e-02,-2.049943506717681885e-01,4.907610639929771423e-02,-6.168733537197113037e-02,-3.224433958530426025e-02,-1.892681792378425598e-02,-1.051790174096822739e-02
-6.296625137329101562e-01,-7.592036128044128418e-01,-5.123874545097351074e-02,1.067643985152244568e-01,5.121148005127906799e-02,2.355724722146987915e-01,2.068503387272357941e-02,9.093748033046722412e-02,-2.827280946075916290e-02,-9.016626328229904175e-02,-1.322479993104934692e-01,1.455674469470977783e-01,-9.243293106555938721e-02,-1.102684997022151947e-03,1.667234450578689575e-01,-4.268550500273704529e-02,-1.714618802070617676e-01,1.356625705957412720e-01,1.444359403103590012e-02,-5.863134190440177917e-02,-2.351984567940235138e-02,1.000888459384441376e-02,-3.774806857109069824e-01,1.263825595378875732e-01,8.329892158508300781e-02,5.373312160372734070e-02,7.650611922144889832e-03,1.950290799140930176e-02,1.224341094493865967e-01,1.154573410749435425e-01,-1.686429604887962341e-02,-1.440014839172363281e-01,-1.373316645622253418e-01,7.238874584436416626e-02,2.431778050959110260e-02,-1.227966174483299255e-01,-9.736780077219009399e-02,7.643949985504150391e-02,1.427405178546905518e-01,-9.656361490488052368e-02,1.111749373376369476e-02,9.634601324796676636e-02,-4.344845190644264221e-02,-8.574258536100387573e-02,4.333426803350448608e-02,6.619733572006225586e-02,-8.463394641876220703e-02,-3.682386875152587891e-02,1.094590872526168823e-01,-4.596290588378906250e-01,9.341024607419967651e-02,-3.609184641391038895e-03,-5.540790781378746033e-02,2.252046018838882446e-02,-2.179571986198425293e-01,1.331776231527328491e-01,3.969249129295349121e-02,-1.068881228566169739e-01,-1.211573276668787003e-02,3.938012197613716125e-02,-2.125375717878341675e-02,-7.744266092777252197e-02,-2.861843071877956390e-02,3.814991330727934837e-03,-4.314487427473068237e-02,3.786519914865493774e-02,-6.392154842615127563e-02,2.312507033348083496e-01,-6.360987573862075806e-02,-2.794981896877288818e-01,1.775558441877365112e-01,1.070450916886329651e-01,-4.739863052964210510e-02,-8.183049410581588745e-02,-9.932582080364227295e-02,7.306259125471115112e-02,2.171038091182708740e-02,9.884643554687500000e-02,-2.714196592569351196e-02,6.674891710281372070e-02,-1.552112847566604614e-01,-1.741163134574890137e-01,-1.389253437519073486e-01,4.277176409959793091e-02,3.226952394470572472e-03,1.242223605513572693e-01,-1.218109056353569031e-01,-1.935192793607711792e-01,7.826060056686401367e-03,3.824519366025924683e-02,1.575690321624279022e-02,-7.103843986988067627e-02,1.009500026702880859e-02,-3.022556565701961517e-02,-3.988411128520965576e-01,-1.172932051122188568e-02,-8.904421329498291016e-02,-1.140386983752250671e-01
5.497553944587707520e-01,5.857244133949279785e-01,1.207064911723136902e-01,3.232670016586780548e-03,-1.250818818807601929e-01,6.338780373334884644e-02,2.989946305751800537e-02,-1.172755751758813858e-02,-1.622469723224639893e-01,7.050815969705581665e-02,6.580419838428497314e-02,-3.792082145810127258e-02,-8.361865580081939697e-02,-6.348913162946701050e-02,-3.389038145542144775e-02,5.757788941264152527e-02,-1.035309769213199615e-02,2.142499089241027832e-01,-2.565861493349075317e-02,-2.232647687196731567e-02,1.359629333019256592e-01,1.011468544602394104e-01,-5.192588549107313156e-03,-1.522413045167922974e-01,1.174995154142379761e-01,-9.583742171525955200e-02,5.363606661558151245e-02,1.298095881938934326e-01,-1.726076751947402954e-01,8.534876257181167603e-02,-6.111076846718788147e-02,8.819828182458877563e-02,2.996789664030075073e-02,-2.536825835704803467e-01,-1.919768601655960083e-01,9.477844834327697754e-02,-1.925862729549407959e-01,-6.218311563134193420e-02,4.391426593065261841e-02,1.540460996329784393e-02,-1.585874147713184357e-02,-1.828154027462005615e-01,-2.010120004415512085e-01,1.115027740597724915e-01,-3.793712332844734192e-02,-9.416289627552032471e-02,-1.291404068470001221e-01,-3.393299132585525513e-02,5.701089650392532349e-02,-1.490832269191741943e-01,-1.397762726992368698e-02,3.329432755708694458e-02,9.160258620977401733e-02,-1.294870115816593170e-02,-7.266759127378463745e-02,1.644778549671173096e-01,1.061233691871166229e-02,-1.341889649629592896e-01,-2.462456822395324707e-01,-7.065750658512115479e-02,7.754135411232709885e-03,4.053248465061187744e-02,7.978282123804092407e-02,-1.079952046275138855e-01,-1.739689558744430542e-01,7.812881469726562500e-02,-9.322877973318099976e-02,-9.928877651691436768e-02,-9.556959569454193115e-02,-3.326488286256790161e-02,-1.614898443222045898e-01,1.040958017110824585e-01,-1.235933452844619751e-01,-3.120751380920410156e-01,1.367741972208023071e-01,4.400179162621498108e-02,-1.375631839036941528e-01,7.203999906778335571e-02,-1.243847459554672241e-01,3.260893747210502625e-02,5.532287806272506714e-02,-5.107075572013854980e-01,-1.107874363660812378e-01,9.439998120069503784e-02,-4.988062754273414612e-02,2.643850399181246758e-03,7.736819982528686523e-02,3.014054708182811737e-02,1.084857508540153503e-01,5.996423587203025818e-02,-1.332999393343925476e-02,-1.749398708343505859e-01,1.163730323314666748e-01,-1.208250150084495544e-01,-1.297515779733657837e-01,-4.839486628770828247e-02,-5.164558067917823792e-02,-7.977037131786346436e-02
-2.904199659824371338e-01,-1.093298673629760742e+00,8.416743576526641846e-02,-2.065476030111312866e-02,1.434562355279922485e-02,4.675214178860187531e-03,-2.893699705600738525e-01,-1.184284910559654236e-01,7.478728424757719040e-03,1.073617488145828247e-01,-3.488755971193313599e-02,1.638352572917938232e-01,-1.660522073507308960e-01,-1.546242237091064453e-01,-5.158267915248870850e-02,3.547210618853569031e-02,-3.152310475707054138e-02,2.799836918711662292e-02,-1.930896639823913574e-01,-3.224593102931976318e-01,5.821669008582830429e-03,-1.678753271698951721e-02,-2.894937619566917419e-02,-6.138106808066368103e-02,2.084939274936914444e-03,1.634733825922012329e-01,7.358447462320327759e-02,8.224643021821975708e-02,-8.650221675634384155e-02,2.283954918384552002e-01,1.545265465974807739e-01,-1.860106363892555237e-02,-1.737625747919082642e-01,2.121786959469318390e-02,1.202925518155097961e-01,-1.107170060276985168e-01,1.447373032569885254e-01,5.835337936878204346e-02,1.360647678375244141e-01,-6.578339636325836182e-02,1.797465234994888306e-01,-6.578214466571807861e-02,-5.497347563505172729e-03,1.620050072669982910e-01,1.049603670835494995e-01,-1.634130477905273438e-01,2.434828579425811768e-01,1.574012637138366699e-02,2.221117764711380005e-01,6.708842515945434570e-02,-1.073752567172050476e-01,1.625129729509353638e-01,4.711768403649330139e-02,-2.079726010560989380e-02,-1.130205690860748291e-01,1.011898368597030640e-01,-1.349751800298690796e-01,-4.081699624657630920e-02,-2.977232933044433594e-01,-7.089158147573471069e-02,-1.432071179151535034e-01,1.606010645627975464e-02,-8.928565680980682373e-02,9.843247383832931519e-02,1.455409973859786987e-01,-7.780729234218597412e-02,-6.374489516019821167e-03,4.902199842035770416e-03,2.929983101785182953e-02,-6.608818471431732178e-02,2.300188690423965454e-01,-1.289234263822436333e-03,-1.338571459054946899e-01,1.456716004759073257e-02,-5.572767183184623718e-02,9.008847177028656006e-03,-1.705488190054893494e-02,-3.731849789619445801e-02,2.690350823104381561e-02,-1.856113597750663757e-02,-4.871653392910957336e-02,-4.468414466828107834e-03,1.475417148321866989e-02,1.587585359811782837e-01,-1.214371547102928162e-01,1.531659662723541260e-01,6.789986789226531982e-02,-1.370542347431182861e-01,-1.535859405994415283e-01,-8.986168354749679565e-02,9.390120953321456909e-02,-7.481785118579864502e-02,9.553986042737960815e-02,1.542019844055175781e-01,6.552839279174804688e-02,-3.363187238574028015e-02,1.262675970792770386e-02,-4.338092170655727386e-03
1.489702463150024414e-01,4.022857844829559326e-01,1.622539199888706207e-02,-9.018714725971221924e-02,-2.320231944322586060e-01,-5.616685748100280762e-02,4.486125835683196783e-04,-7.954443246126174927e-02,-1.465801149606704712e-02,-1.356269884854555130e-02,-1.806637644767761230e-02,-3.439508005976676941e-02,1.198527291417121887e-01,6.213389569893479347e-04,-6.617893278598785400e-02,1.186531856656074524e-01,-9.265160560607910156e-02,6.903827935457229614e-02,1.096029579639434814e-01,2.340406365692615509e-02,7.034317404031753540e-02,6.730806082487106323e-02,2.989645861089229584e-02,-1.393278874456882477e-02,1.293837875127792358e-01,2.969250977039337158e-01,-3.319172561168670654e-02,-6.312925368547439575e-02,1.116024255752563477e-01,1.022791713476181030e-01,-3.146321699023246765e-02,-2.670784294605255127e-01,4.159663245081901550e-02,1.351169049739837646e-01,-9.974652528762817383e-02,1.190222874283790588e-01,-4.366528987884521484e-02,3.508774936199188232e-02,4.867209494113922119e-02,4.645476862788200378e-02,3.294882550835609436e-02,6.241528689861297607e-02,6.915719807147979736e-02,-5.071838498115539551e-01,-3.017969802021980286e-02,2.101273089647293091e-01,5.573644116520881653e-02,-2.418605983257293701e-01,6.437826901674270630e-02,-3.965034335851669312e-02,-5.773931741714477539e-02,-1.231671497225761414e-02,1.341456025838851929e-01,5.073469877243041992e-02,1.882947683334350586e-01,-1.811667159199714661e-02,-5.054499208927154541e-02,4.568250104784965515e-02,-8.322383463382720947e-02,4.976063594222068787e-02,-6.096505746245384216e-02,1.632306575775146484e-01,-4.783150553703308105e-02,3.552431473508477211e-03,3.298408119007945061e-03,-2.396693527698516846e-01,-1.857050806283950806e-01,-3.547949716448783875e-02,-8.913720399141311646e-02,-3.670879304409027100e-01,3.173307701945304871e-02,8.810605853796005249e-02,-8.491761982440948486e-03,-2.608481235802173615e-02,-9.384146332740783691e-02,3.329792246222496033e-02,-1.205728501081466675e-01,-3.844621032476425171e-02,-7.257271558046340942e-02,-5.224752426147460938e-02,-1.211407501250505447e-02,-1.001106668263673782e-02,7.184006273746490479e-03,-3.413044149056077003e-03,1.676891744136810303e-01,7.065241225063800812e-03,-3.117108251899480820e-03,3.085735626518726349e-02,1.434666216373443604e-01,2.045457437634468079e-02,-1.410871744155883789e-02,-7.138007134199142456e-02,-1.694510877132415771e-02,3.638776950538158417e-03,3.019378148019313812e-02,1.347208917140960693e-01,-2.925675362348556519e-02,1.094863489270210266e-01
-1.964005380868911743e-01,8.994618654251098633e-01,1.134063154458999634e-01,-3.348456230014562607e-04,1.693838089704513550e-01,-5.851171165704727173e-02,-1.748427748680114746e-02,-7.972912490367889404e-02,-1.359561979770660400e-01,-8.027589321136474609e-02,-1.051499024033546448e-01,7.896073162555694580e-02,1.838535368442535400e-01,-6.208337843418121338e-02,3.015650436282157898e-02,-6.086628511548042297e-02,9.524782001972198486e-02,-8.934534341096878052e-02,1.497423052787780762e-01,-6.437356770038604736e-02,-1.680493652820587158e-01,-8.473507314920425415e-02,3.444065526127815247e-02,-1.603725403547286987e-01,-6.657778471708297729e-02,1.250062882900238037e-02,5.916694551706314087e-02,-1.485075354576110840e-01,-5.187634751200675964e-02,1.538735181093215942e-01,-9.876250475645065308e-02,-4.599804058670997620e-02,-6.113962084054946899e-02,9.739443659782409668e-02,-1.553263515233993530e-02,1.256423741579055786e-01,1.653316430747509003e-02,3.068864718079566956e-02,-2.184930071234703064e-02,8.140438050031661987e-02,1.454279571771621704e-01,-2.217951267957687378e-01,3.978788107633590698e-02,-5.148570984601974487e-02,-5.412325728684663773e-03,-6.127248052507638931e-04,-4.640247225761413574e-01,7.825094461441040039e-02,2.511654049158096313e-02,2.439448982477188110e-01,-8.187399804592132568e-02,4.213181510567665100e-02,-5.991672724485397339e-02,1.081241816282272339e-01,1.517747491598129272e-01,1.455900669097900391e-01,1.249610558152198792e-01,1.360848098993301392e-01,-1.219268590211868286e-01,7.453976571559906006e-02,1.383076887577772141e-02,-1.309665851294994354e-02,-3.221643716096878052e-02,-2.410609573125839233e-01,9.341304749250411987e-02,-5.460597574710845947e-03,-6.224329397082328796e-02,5.970531329512596130e-02,-1.194951832294464111e-01,-3.178891167044639587e-02,2.644612453877925873e-02,-3.566673025488853455e-02,-3.181430399417877197e-01,1.012087836861610413e-01,-2.144708186388015747e-01,-2.398998662829399109e-02,-2.389470674097537994e-02,1.507099866867065430e-01,-2.441010624170303345e-01,1.322649121284484863e-01,-1.097143068909645081e-01,-3.924830853939056396e-01,-2.442346327006816864e-02,7.785194553434848785e-03,6.156448647379875183e-02,1.525663435459136963e-01,1.559211523272097111e-03,-3.323783576488494873e-01,-4.418528452515602112e-02,6.006803363561630249e-02,-8.105140179395675659e-02,1.479865163564682007e-01,2.214870005846023560e-01,-1.112882494926452637e-01,8.595433086156845093e-02,1.649091094732284546e-01,-1.540459990501403809e-01,1.295198919251561165e-03
-5.665759444236755371e-01,-8.911491036415100098e-01,-1.356061920523643494e-02,6.981226056814193726e-02,1.306959390640258789e-01,1.031334698200225830e-02,5.958645418286323547e-02,-2.185925692319869995e-01,-4.108274355530738831e-02,-8.519165962934494019e-02,4.552050027996301651e-03,1.230344995856285095e-01,1.874364763498306274e-01,7.643737643957138062e-02,-1.195854768157005310e-01,-1.250028330832719803e-02,-8.232631534337997437e-02,-2.203309983015060425e-01,4.071818199008703232e-03,-1.319627761840820312e-01,-3.905259072780609131e-02,-1.865034550428390503e-01,-1.287026256322860718e-01,-1.606545597314834595e-01,-2.036474496126174927e-01,5.123444274067878723e-02,2.871437370777130127e-01,6.216648966073989868e-02,-3.542053326964378357e-02,-3.597757220268249512e-02,-2.304378524422645569e-02,2.284534275531768799e-01,-1.253687776625156403e-02,-2.313757389783859253e-01,8.677922189235687256e-02,-3.741933032870292664e-02,2.092791497707366943e-01,1.934643276035785675e-02,-1.059310212731361389e-01,-9.123906493186950684e-02,1.219546608626842499e-02,5.951894819736480713e-02,6.991150975227355957e-02,8.591803163290023804e-02,3.132205083966255188e-02,8.870094083249568939e-03,-1.017374843358993530e-01,1.867756694555282593e-01,-1.395907700061798096e-01,-8.006502687931060791e-02,1.271029934287071228e-02,-8.454794436693191528e-02,-2.776004076004028320e-01,4.208609834313392639e-02,-1.738739386200904846e-02,1.254364997148513794e-01,-4.230278078466653824e-03,-5.976108908653259277e-01,-1.627491228282451630e-02,1.130276545882225037e-01,-2.782809734344482422e-01,-8.996280282735824585e-02,-1.045528426766395569e-01,3.222957998514175415e-02,-1.866176426410675049e-01,-2.306687179952859879e-03,6.966876983642578125e-02,-1.301110088825225830e-01,8.112163096666336060e-02,5.347740650177001953e-02,1.523462831974029541e-01,-2.701305747032165527e-01,3.720947355031967163e-02,-8.394420892000198364e-02,7.750152796506881714e-02,2.325549907982349396e-02,1.809776276350021362e-01,-9.984166920185089111e-02,-7.611607760190963745e-02,8.754144422709941864e-03,-2.133259922266006470e-01,-5.671880021691322327e-02,5.166132003068923950e-02,9.095548838376998901e-02,-1.495827287435531616e-01,1.218974813818931580e-01,-3.299276903271675110e-02,-4.965532571077346802e-02,1.986808925867080688e-01,8.152216672897338867e-02,-1.116974130272865295e-01,-1.873243600130081177e-02,4.771892726421356201e-02,4.537602886557579041e-02,-2.414141409099102020e-02,2.516960203647613525e-01,1.469388306140899658e-01,-4.986776039004325867e-02
7.373208403587341309e-01,9.544619917869567871e-01,-1.037332192063331604e-01,-1.229135394096374512e-01,-6.754384934902191162e-02,-8.684992790222167969e-02,1.453460287302732468e-02,-2.323673069477081299e-01,1.735620200634002686e-01,8.760972321033477783e-02,7.274111360311508179e-02,6.349588930606842041e-02,-9.613592922687530518e-02,1.245128586888313293e-01,3.376360610127449036e-02,-7.326455414295196533e-02,-1.323166936635971069e-01,3.279367461800575256e-02,-7.101697474718093872e-02,-6.176239624619483948e-02,-7.210624217987060547e-02,-1.854504793882369995e-01,-5.190051160752773285e-03,-6.997212022542953491e-02,-6.969733536243438721e-02,3.017999604344367981e-02,1.103887334465980530e-02,5.552285164594650269e-02,-6.961070746183395386e-02,-1.851893961429595947e-01,5.306224152445793152e-02,2.398600243031978607e-02,-1.697363145649433136e-02,-1.894924491643905640e-01,6.085284426808357239e-02,-7.385433465242385864e-02,2.722287774085998535e-01,-1.960342824459075928e-01,-3.184528052806854248e-01,1.117415726184844971e-01,-2.726859450340270996e-01,-5.507535301148891449e-03,1.117773279547691345e-01,7.416505250148475170e-04,-2.821769192814826965e-02,7.950179278850555420e-02,8.211997896432876587e-02,-6.971998512744903564e-02,3.319760551676154137e-03,-3.863222524523735046e-02,-7.096726447343826294e-02,-7.617334276437759399e-02,-5.234278365969657898e-02,2.485598064959049225e-02,-1.295580267906188965e-01,-1.866125017404556274e-01,-7.569014281034469604e-02,1.079727802425622940e-02,-1.286559998989105225e-01,2.629971690475940704e-02,-2.979902317747473717e-03,1.887852102518081665e-01,1.948442868888378143e-02,-1.888713687658309937e-01,8.398482203483581543e-02,-6.069605797529220581e-02,-9.313198924064636230e-02,1.193248704075813293e-01,2.630578540265560150e-02,2.109222114086151123e-01,-4.099479019641876221e-01,9.851685166358947754e-02,-1.518285833299160004e-02,1.704279705882072449e-02,-1.679731607437133789e-01,1.785999089479446411e-01,8.224219828844070435e-02,-2.042610943317413330e-01,-1.100462302565574646e-02,8.620395511388778687e-02,-4.985793493688106537e-03,-9.294772148132324219e-02,-9.026838466525077820e-03,1.935613155364990234e-02,1.267679594457149506e-02,1.314766407012939453e-01,1.166750565171241760e-01,-1.353970468044281006e-01,4.528887942433357239e-02,2.602295950055122375e-02,6.113589182496070862e-02,6.918013840913772583e-02,-3.732404205948114395e-03,-2.545464411377906799e-02,-2.864103065803647041e-03,-3.862391710281372070e-01,7.331879436969757080e-02,1.545128971338272095e-01
4.991791024804115295e-02,6.282588839530944824e-01,1.868827641010284424e-01,-1.996551156044006348e-01,6.183821335434913635e-02,-5.569202452898025513e-02,-1.126731410622596741e-01,1.425265222787857056e-01,9.908875077962875366e-02,1.450817286968231201e-01,1.131094526499509811e-02,-1.329894363880157471e-01,-3.000015616416931152e-01,6.115546450018882751e-02,1.401629745960235596e-01,-5.760821700096130371e-02,-6.003499776124954224e-02,-9.710633009672164917e-02,-2.326041162014007568e-01,-1.953292489051818848e-01,1.688416749238967896e-01,-2.029941082000732422e-01,-6.936555355787277222e-02,1.364997625350952148e-01,5.114756524562835693e-03,1.169135123491287231e-01,6.419550627470016479e-02,1.880611926317214966e-01,2.852376364171504974e-02,2.472516149282455444e-01,-1.404581777751445770e-02,-4.341126233339309692e-02,-3.130563721060752869e-02,3.995861113071441650e-02,9.689841419458389282e-02,5.382839962840080261e-02,2.204923145473003387e-02,-2.563156485557556152e-01,-1.658977866172790527e-01,-1.393184065818786621e-01,2.887445501983165741e-02,4.843566566705703735e-02,1.899993568658828735e-01,3.840096294879913330e-01,-1.546112895011901855e-01,8.475277572870254517e-03,3.037236817181110382e-02,1.106761991977691650e-01,-1.596585959196090698e-01,1.063632667064666748e-01,-2.009821534156799316e-01,-1.871953606605529785e-01,1.233996450901031494e-01,1.318221241235733032e-01,-2.431764751672744751e-01,-1.829711496829986572e-01,-2.352869510650634766e-02,5.489347502589225769e-02,1.141192158684134483e-03,1.352552771568298340e-01,-5.246480926871299744e-02,1.609637401998043060e-04,4.923265427350997925e-02,3.503959998488426208e-02,-1.504497826099395752e-01,-8.280497789382934570e-02,-8.818773180246353149e-02,1.039142683148384094e-01,-3.562593832612037659e-02,1.891921460628509521e-02,-6.339828670024871826e-02,1.045643016695976257e-01,2.430091351270675659e-01,-2.845665216445922852e-01,5.843777209520339966e-03,6.013617664575576782e-02,1.896645873785018921e-01,-7.101036608219146729e-02,-7.751136273145675659e-02,-1.047354340553283691e-01,-1.162772905081510544e-02,-8.187781274318695068e-02,-1.070967465639114380e-01,-2.681787684559822083e-02,-7.956113666296005249e-02,-4.908325150609016418e-02,-1.540540158748626709e-01,3.938925219699740410e-04,-7.559199631214141846e-02,-6.365010142326354980e-02,-8.709310740232467651e-02,-1.491302102804183960e-01,-1.435298919677734375e-01,-1.277149468660354614e-01,-3.352804109454154968e-02,-4.831796512007713318e-03,3.631907701492309570e-02,-1.130229607224464417e-01
4.176225978881120682e-03,-1.487440705299377441e+00,1.539294868707656860e-01,2.081227675080299377e-02,-2.435212582349777222e-01,3.433963283896446228e-02,-6.476335972547531128e-02,-9.458017349243164062e-02,2.694238163530826569e-02,8.939352631568908691e-02,-2.006989438086748123e-03,2.179694324731826782e-01,1.509182602167129517e-01,-2.577420696616172791e-02,-9.644174017012119293e-03,-7.580528408288955688e-02,5.166998133063316345e-02,-3.893100097775459290e-02,-4.399242624640464783e-02,-1.850841045379638672e-01,3.248693048954010010e-02,-7.358288019895553589e-02,2.490167506039142609e-02,-2.624607980251312256e-01,1.565595418214797974e-01,4.178874194622039795e-02,4.428859055042266846e-02,2.256530821323394775e-01,-1.174420788884162903e-01,2.306617796421051025e-02,1.982386037707328796e-02,-1.645322442054748535e-01,-1.129093915224075317e-01,1.148273004218935966e-03,-1.046636477112770081e-01,-2.167389541864395142e-01,9.322989732027053833e-02,-4.282969608902931213e-02,3.139875829219818115e-02,1.170309931039810181e-01,-7.633928209543228149e-02,2.009482830762863159e-01,-6.992679089307785034e-02,-8.836305141448974609e-02,-2.766647934913635254e-02,6.698391586542129517e-02,-2.107318863272666931e-02,8.767638355493545532e-02,1.087264493107795715e-01,-7.439826428890228271e-02,-9.803334251046180725e-03,1.033561397343873978e-02,1.386220902204513550e-01,1.957964152097702026e-01,-9.255612641572952271e-02,2.429111152887344360e-01,-1.194273903965950012e-01,8.262386173009872437e-02,-2.186686545610427856e-02,8.809382468461990356e-02,4.025211557745933533e-02,-4.547650739550590515e-02,-4.689200967550277710e-02,-1.711760461330413818e-02,1.183177530765533447e-01,3.605162724852561951e-02,1.171761602163314819e-01,-1.894646883010864258e-01,-1.597932279109954834e-01,-1.356459558010101318e-01,1.961897872388362885e-02,1.246499344706535339e-01,1.354859471321105957e-01,2.216998115181922913e-02,6.256554275751113892e-02,-9.032596647739410400e-02,1.379705071449279785e-01,3.443916887044906616e-02,-4.886502027511596680e-02,9.699106216430664062e-03,2.329554408788681030e-02,-3.060890734195709229e-02,1.318285614252090454e-01,-1.407750397920608521e-01,3.692555427551269531e-02,-5.068583413958549500e-02,1.201208978891372681e-01,6.834063213318586349e-03,-7.248996291309595108e-03,8.458177000284194946e-02,-9.140472859144210815e-03,-2.875597588717937469e-02,-7.473241537809371948e-02,3.865989297628402710e-02,-6.750459317117929459e-03,-2.177114784717559814e-01,-1.054496988654136658e-01,1.209504529833793640e-01
2.402779757976531982e-01,5.687554478645324707e-01,-2.500670962035655975e-02,6.215351819992065430e-02,-2.472431771457195282e-02,-2.034127265214920044e-01,-2.817949838936328888e-02,2.140791267156600952e-01,1.207716995850205421e-03,-7.399881724268198013e-03,-1.329089403152465820e-01,-1.169979348778724670e-01,-1.794375926256179810e-01,-2.848363481462001801e-02,-1.441358327865600586e-01,-7.293269038200378418e-02,5.339318886399269104e-02,-5.595465656369924545e-03,1.283205002546310425e-01,1.036700531840324402e-01,-1.351875960826873779e-01,-8.058542758226394653e-02,-1.372535079717636108e-01,-6.408926844596862793e-02,-6.143492087721824646e-02,-3.740217909216880798e-02,-1.619111630134284496e-03,3.388787433505058289e-02,6.941306591033935547e-02,-9.523747861385345459e-02,-1.537078619003295898e-01,5.219949781894683838e-02,-2.774727046489715576e-01,-9.453270584344863892e-02,-3.810751438140869141e-02,-1.872789487242698669e-02,-1.412585824728012085e-01,-1.434808820486068726e-01,1.141174063086509705e-01,-2.006437927484512329e-01,-1.317542344331741333e-01,9.078564494848251343e-02,-1.316174864768981934e-01,-1.826815307140350342e-01,2.712335288524627686e-01,2.897811308503150940e-02,2.749961055815219879e-02,6.287747062742710114e-03,-6.055932492017745972e-02,-2.358951270580291748e-01,-3.580985590815544128e-02,-8.817490935325622559e-02,6.372331827878952026e-02,5.073022469878196716e-02,-5.055953189730644226e-02,3.293148055672645569e-02,4.270268604159355164e-02,6.851185113191604614e-03,-1.026654802262783051e-02,-1.745556481182575226e-02,8.221874386072158813e-02,-1.738718301057815552e-01,-1.255522519350051880e-01,-7.551107555627822876e-02,-4.125977456569671631e-01,-1.041092537343502045e-02,-1.343344599008560181e-01,6.039544008672237396e-03,1.389914304018020630e-01,6.145876646041870117e-02,8.769932389259338379e-02,2.660484425723552704e-02,6.602130085229873657e-02,7.657872140407562256e-02,-1.009536311030387878e-01,1.019183769822120667e-01,-1.071070879697799683e-01,-2.843442559242248535e-02,5.635541304945945740e-02,1.288166940212249756e-01,-7.705397158861160278e-02,8.984412252902984619e-02,-3.843709230422973633e-01,-2.467772178351879120e-02,2.889513038098812103e-02,-4.560594260692596436e-02,-1.302575021982192993e-01,3.558611869812011719e-02,3.538582473993301392e-02,5.133062973618507385e-02,3.795686736702919006e-02,1.385887265205383301e-01,-3.178529813885688782e-02,-1.936766058206558228e-01,-2.066946774721145630e-02,1.963783949613571167e-01,-8.822112530469894409e-02,1.335924863815307617e-01
-2.016655206680297852e-01,1.012509942054748535e+00,9.652985632419586182e-02,-3.996277973055839539e-02,-2.498968690633773804e-02,-2.509050630033016205e-02,-4.460820928215980530e-02,-7.621509581804275513e-02,-5.948069319128990173e-02,-2.189910113811492920e-01,1.216352544724941254e-02,5.313955992460250854e-02,4.298469424247741699e-02,-1.650348305702209473e-01,-1.074763014912605286e-03,7.262204587459564209e-02,3.903556615114212036e-02,-2.538676187396049500e-02,5.613834410905838013e-02,1.334517002105712891e-01,-9.909619390964508057e-02,-7.436005026102066040e-02,-1.085290983319282532e-01,-2.067084759473800659e-01,-8.715112507343292236e-02,2.097635418176651001e-01,-8.810030296444892883e-03,9.609614312648773193e-02,-6.728932261466979980e-02,4.512081295251846313e-02,-2.452770806849002838e-02,-1.002058908343315125e-01,-8.498962223529815674e-02,7.256534695625305176e-02,-1.583654433488845825e-02,-8.566889911890029907e-02,6.929244380444288254e-03,1.006782576441764832e-01,-8.505844324827194214e-02,4.356692731380462646e-02,3.741192072629928589e-02,5.632523074746131897e-02,-2.071386426687240601e-01,1.378376185894012451e-01,-1.077324897050857544e-02,7.709524780511856079e-02,5.094125866889953613e-02,2.682004123926162720e-02,-1.038244366645812988e-01,-4.053578246384859085e-03,-5.877064540982246399e-02,-1.809420995414257050e-03,-6.414325535297393799e-02,-8.097009360790252686e-02,1.787251047790050507e-02,5.021246522665023804e-02,5.442362162284553051e-04,-1.361423581838607788e-01,1.112176477909088135e-02,4.440506920218467712e-02,1.319398265331983566e-02,6.350482255220413208e-02,-6.767944991588592529e-02,1.981975324451923370e-02,9.790294803678989410e-03,5.925045162439346313e-02,-2.184533476829528809e-01,-5.006339028477668762e-02,-1.018823161721229553e-01,-1.454637199640274048e-01,3.208410367369651794e-02,7.302005589008331299e-02,5.512911826372146606e-02,5.310965329408645630e-02,-1.035477072000503540e-01,-2.656281180679798126e-02,9.479553438723087311e-03,1.194986402988433838e-01,-3.253917396068572998e-02,2.755880355834960938e-03,-2.574299462139606476e-02,4.576366022229194641e-02,4.696914181113243103e-02,1.503752917051315308e-01,3.617710247635841370e-02,1.046946868300437927e-01,5.103291198611259460e-02,8.910116739571094513e-03,1.706945151090621948e-02,-1.379166245460510254e-01,2.019294351339340210e-02,-1.804195642471313477e-01,4.286702722311019897e-02,-1.793771833181381226e-01,-4.585449770092964172e-02,3.921283036470413208e-02,-9.434905648231506348e-02,2.237253449857234955e-02
7.679575681686401367e-01,5.971441864967346191e-01,5.536355823278427124e-02,5.570319667458534241e-02,2.520042844116687775e-02,1.653856933116912842e-01,-6.943469494581222534e-02,-2.734765969216823578e-02,-8.064862340688705444e-02,9.073500405065715313e-04,4.341981559991836548e-02,-3.489613765850663185e-03,2.117692492902278900e-02,-5.458849295973777771e-02,-9.114213287830352783e-02,-9.753878414630889893e-02,8.026987314224243164e-02,-2.125458270311355591e-01,-7.991064339876174927e-02,6.083574891090393066e-02,1.116463020443916321e-01,1.251794248819351196e-01,2.772649377584457397e-02,-1.608844846487045288e-02,-9.785082191228866577e-02,-1.677316278219223022e-01,2.174253202974796295e-02,-2.339932136237621307e-02,-7.468549162149429321e-02,-2.103834785521030426e-02,6.843829154968261719e-02,2.119366545230150223e-03,-1.703205257654190063e-01,1.409346461296081543e-01,8.712618052959442139e-02,-9.595084935426712036e-03,8.128052949905395508e-02,-1.334331347607076168e-03,7.459551095962524414e-02,1.376865059137344360e-01,6.042331084609031677e-02,-1.230723708868026733e-01,5.443130806088447571e-02,-1.467769891023635864e-01,-1.353768855333328247e-01,-1.175016611814498901e-01,1.195893622934818268e-03,2.093403041362762451e-01,-1.451982706785202026e-01,-8.242184668779373169e-02,5.762663111090660095e-02,-3.207523003220558167e-02,3.945709019899368286e-02,-8.365462720394134521e-02,8.156955242156982422e-02,-5.354691669344902039e-02,-6.064913235604763031e-03,-4.332622885704040527e-02,-1.476809680461883545e-01,-8.503426611423492432e-02,-4.644954577088356018e-02,-3.039059042930603027e-02,1.807075925171375275e-02,-1.105695292353630066e-01,-2.011710852384567261e-01,3.683978319168090820e-02,1.084444448351860046e-01,9.158375859260559082e-02,-8.141992241144180298e-02,-5.463947355747222900e-02,1.458126008510589600e-01,-1.626092791557312012e-01,-6.372272223234176636e-02,-1.417265534400939941e-01,6.144138798117637634e-02,-4.677168652415275574e-02,1.287560611963272095e-01,2.561276778578758240e-04,-3.852211683988571167e-02,-1.382456421852111816e-01,3.449479117989540100e-02,-9.970497339963912964e-02,2.433911338448524475e-02,-3.541899495758116245e-04,1.764779537916183472e-02,1.797003597021102905e-01,-3.860258683562278748e-02,-8.319754898548126221e-02,-9.507347643375396729e-02,7.748960983008146286e-03,-5.259961355477571487e-03,2.153533697128295898e-01,-8.222530037164688110e-02,1.712264120578765869e-02,-1.507345587015151978e-01,2.275228966027498245e-03,4.105936735868453979e-03,2.043256759643554688e-01
-1.209183782339096069e-02,4.315485060214996338e-01,-6.811048090457916260e-02,4.449702333658933640e-03,-6.951116491109132767e-03,8.456957340240478516e-02,6.481222808361053467e-02,1.033270806074142456e-01,4.008399322628974915e-02,-3.382358327507972717e-02,-1.172853447496891022e-02,-8.947882056236267090e-02,-2.348992601037025452e-02,-4.991542082279920578e-03,1.286999415606260300e-02,-1.970938146114349365e-01,1.430058628320693970e-01,7.265047729015350342e-02,2.640951052308082581e-02,3.805648908019065857e-02,6.589455157518386841e-02,6.652558594942092896e-02,8.411666750907897949e-02,-1.050937026739120483e-01,-1.679192036390304565e-01,-4.480581358075141907e-02,-1.614341139793395996e-01,-2.650193572044372559e-01,2.323600649833679199e-02,-3.184920176863670349e-02,1.452196389436721802e-01,-3.961127996444702148e-02,-6.101701036095619202e-02,-3.448876738548278809e-01,-3.801942616701126099e-02,-8.719941973686218262e-02,-1.931108087301254272e-01,9.518385678529739380e-02,-9.849632531404495239e-02,-2.234596163034439087e-01,-1.699894666671752930e-01,-2.085443027317523956e-02,-1.940921843051910400e-01,-1.113789826631546021e-01,1.602832674980163574e-01,-1.020425856113433838e-01,-4.164886474609375000e-02,1.490778196603059769e-02,-4.205948486924171448e-02,1.553784757852554321e-01,1.043893098831176758e-01,-7.860599458217620850e-02,8.310071378946304321e-02,-7.564416620880365372e-03,-2.557207942008972168e-01,1.789333373308181763e-01,-9.531014412641525269e-02,-1.790706962347030640e-01,1.862116008996963501e-01,8.807694911956787109e-02,4.715857561677694321e-03,-8.103037625551223755e-02,-3.216422349214553833e-02,3.262795135378837585e-02,-1.409941613674163818e-01,-1.467201709747314453e-01,6.713466346263885498e-02,4.048288613557815552e-02,1.929169446229934692e-01,9.819381684064865112e-02,1.686781877651810646e-03,1.192149743437767029e-01,5.020021926611661911e-03,1.129610240459442139e-01,2.183480374515056610e-02,-1.466855406761169434e-01,-2.596287429332733154e-01,-8.065094798803329468e-02,1.484759151935577393e-01,-8.446599543094635010e-02,4.618630558252334595e-02,8.389166742563247681e-02,-3.276860341429710388e-02,-8.773081749677658081e-02,1.344333682209253311e-02,1.122715547680854797e-01,-7.650912553071975708e-02,-6.125123426318168640e-02,8.183445781469345093e-03,1.157846823334693909e-01,1.331841647624969482e-01,4.332756623625755310e-02,1.045165117830038071e-02,1.747945845127105713e-01,-2.068046927452087402e-01,-3.105404973030090332e-02,1.442980300635099411e-02,7.897119224071502686e-02
-1.790831536054611206e-01,-1.380425453186035156e+00,9.355936199426651001e-03,-2.902660146355628967e-02,7.545353472232818604e-02,1.927870959043502808e-01,-1.777433604001998901e-02,-2.375601232051849365e-02,3.412262350320816040e-02,-3.198745474219322205e-02,-1.051777675747871399e-01,4.314763844013214111e-02,9.352905303239822388e-02,-2.671318948268890381e-01,1.349665224552154541e-01,1.253793854266405106e-02,7.238590717315673828e-02,-1.185150668025016785e-01,1.063283383846282959e-01,-9.057543426752090454e-02,-2.259231209754943848e-01,4.884788021445274353e-02,-2.875155769288539886e-02,6.931204348802566528e-02,-5.440106615424156189e-02,-6.228613108396530151e-02,4.341731965541839600e-02,-1.168772205710411072e-01,-1.301293959841132164e-03,1.778398989699780941e-03,3.117784857749938965e-02,-1.491092294454574585e-01,4.553733393549919128e-02,7.862813025712966919e-02,-1.364141702651977539e-01,-2.279217988252639771e-01,1.589185148477554321e-01,-5.112668499350547791e-02,-3.452105075120925903e-02,-1.656962484121322632e-01,1.764153838157653809e-01,-1.193699613213539124e-01,-1.038322970271110535e-01,1.002090610563755035e-02,-1.760180108249187469e-02,-1.345054805278778076e-02,-1.017317175865173340e-01,-6.831425242125988007e-03,3.155576437711715698e-02,-4.197378829121589661e-02,9.328451007604598999e-02,-1.825358271598815918e-01,-1.653765887022018433e-01,1.364849507808685303e-01,-1.483533829450607300e-01,-1.681115329265594482e-01,-7.617612928152084351e-02,-1.817887127399444580e-01,2.560431510210037231e-02,8.169686794281005859e-02,-1.613574028015136719e-01,-5.833926424384117126e-02,-3.479229658842086792e-02,4.850748553872108459e-02,7.591495662927627563e-02,6.248969957232475281e-02,-1.815591007471084595e-02,7.530194707214832306e-03,-1.196719408035278320e-01,-1.264028400182723999e-01,-1.241969838738441467e-01,-1.717378944158554077e-01,1.113000139594078064e-01,-1.509044468402862549e-01,-1.611528359353542328e-02,-1.406478136777877808e-01,4.769998043775558472e-02,-9.031330794095993042e-02,1.012936159968376160e-01,-1.482681035995483398e-01,2.463208884000778198e-02,-1.950283651240170002e-03,2.409821934998035431e-02,-4.011629149317741394e-02,4.238860681653022766e-02,7.165515422821044922e-02,1.016143411397933960e-01,-1.413321644067764282e-01,-1.315200142562389374e-02,2.235055342316627502e-02,-1.256407797336578369e-01,9.315385669469833374e-02,1.650529168546199799e-02,-1.831454485654830933e-01,-1.833215057849884033e-01,-2.736318707466125488e-01,-6.601352244615554810e-02,6.954857707023620605e-02
1.490778625011444092e-01,3.549823760986328125e-01,-2.330870032310485840e-01,1.113619580864906311e-01,1.524454504251480103e-01,3.908804431557655334e-02,-5.749820172786712646e-02,6.013330444693565369e-02,-2.274013869464397430e-02,-1.574997007846832275e-01,-1.871439367532730103e-01,-6.013745069503784180e-02,2.274990826845169067e-01,1.187646389007568359e-01,2.771955356001853943e-02,-8.935249596834182739e-02,6.408260017633438110e-02,-2.543430626392364502e-01,3.590362891554832458e-02,-1.274084597826004028e-01,1.828850246965885162e-02,-1.773704886436462402e-01,4.862030968070030212e-02,6.738399714231491089e-02,-4.551431164145469666e-02,1.345245540142059326e-01,-2.161823362112045288e-01,6.407626718282699585e-02,5.039553716778755188e-02,1.796004772186279297e-01,-1.244459599256515503e-01,-3.179673552513122559e-01,2.907313406467437744e-01,-1.017008647322654724e-01,1.442234367132186890e-01,9.546407312154769897e-02,2.124407328665256500e-02,2.093648016452789307e-01,-3.418614268302917480e-01,1.187585741281509399e-01,1.724196970462799072e-02,-1.787176877260208130e-01,3.183921054005622864e-02,5.334192886948585510e-02,2.323935627937316895e-01,-1.519914530217647552e-02,5.469436757266521454e-03,-1.065793354064226151e-02,-5.000579729676246643e-02,-3.657789155840873718e-02,-2.027239836752414703e-02,-8.124158531427383423e-02,-1.503344923257827759e-01,1.073383390903472900e-01,8.215350657701492310e-02,5.383307114243507385e-02,-1.364393830299377441e-01,-7.378671318292617798e-02,-1.450828015804290771e-01,6.287114694714546204e-03,2.640039026737213135e-01,-1.017810124903917313e-02,3.029938973486423492e-02,8.911167271435260773e-03,8.467912673950195312e-03,3.102135844528675079e-02,-7.507758587598800659e-02,-1.948740333318710327e-01,8.926147222518920898e-02,-1.126113682985305786e-01,-6.800843030214309692e-02,8.454433083534240723e-02,-2.086495757102966309e-01,7.501632720232009888e-02,-8.952176198363304138e-03,2.226135730743408203e-01,-2.029288262128829956e-01,-6.464575231075286865e-02,1.273780018091201782e-01,-4.819756001234054565e-02,-1.610370576381683350e-01,6.963140517473220825e-02,-9.982033073902130127e-02,-1.823241263628005981e-01,1.003615632653236389e-01,-8.928874507546424866e-03,2.608354948461055756e-02,-1.981074549257755280e-02,4.863646253943443298e-02,-9.245672821998596191e-02,1.201838403940200806e-01,1.048619598150253296e-01,1.156538277864456177e-01,-1.571774333715438843e-01,3.955667093396186829e-02,-4.164083674550056458e-02,-1.191777884960174561e-01,8.679446764290332794e-03
3.888524472713470459e-01,2.825390398502349854e-01,1.476824879646301270e-01,8.586202561855316162e-02,-2.267956547439098358e-02,-2.286141971126198769e-03,2.878727577626705170e-02,1.116869151592254639e-01,-4.694566875696182251e-02,9.137348830699920654e-02,-1.357356086373329163e-02,5.946028605103492737e-02,-5.187826976180076599e-02,8.036463707685470581e-02,4.034975171089172363e-02,-4.881672933697700500e-02,-3.089612908661365509e-02,1.460063308477401733e-01,1.050729379057884216e-01,3.619669750332832336e-02,-3.592219576239585876e-02,-3.035707175731658936e-01,-9.841562807559967041e-02,1.627089641988277435e-02,3.525795647874474525e-03,-3.046693839132785797e-02,-7.929655164480209351e-02,5.949104577302932739e-02,-1.503925584256649017e-02,2.980614304542541504e-01,4.483962804079055786e-02,-4.573419988155364990e-01,-1.741036325693130493e-01,-1.672878712415695190e-01,-1.062400825321674347e-02,2.136035412549972534e-01,-2.801552601158618927e-02,3.623272776603698730e-01,-2.684621810913085938e-01,9.108625352382659912e-02,7.278434187173843384e-02,-2.218774408102035522e-01,3.116487897932529449e-02,-4.441312849521636963e-01,1.965214312076568604e-02,3.389446437358856201e-02,-7.518882304430007935e-02,-2.959702014923095703e-01,3.297666460275650024e-02,-2.315290421247482300e-01,-6.564573943614959717e-02,1.743893027305603027e-01,5.401388183236122131e-02,2.245399802923202515e-01,1.026633158326148987e-01,8.696346729993820190e-02,3.256227076053619385e-02,-2.115290164947509766e-01,4.072361160069704056e-03,9.822056442499160767e-02,-1.270857602357864380e-01,5.761130154132843018e-02,-2.918832935392856598e-03,6.509154103696346283e-03,9.567762166261672974e-02,1.230213418602943420e-02,-2.966288626194000244e-01,6.517507880926132202e-02,4.002774879336357117e-02,-2.904520742595195770e-02,9.858430922031402588e-02,-1.163828093558549881e-02,-1.084503438323736191e-02,-1.954920589923858643e-01,-9.055595844984054565e-02,2.407224103808403015e-02,-2.845456637442111969e-02,-2.850513458251953125e-01,-3.996226564049720764e-02,1.315261796116828918e-02,8.909912407398223877e-02,-4.899391829967498779e-01,6.917539983987808228e-02,-2.136125117540359497e-01,-2.699451707303524017e-02,2.018171697854995728e-01,-3.689791634678840637e-02,8.351731300354003906e-02,-1.423726379871368408e-01,4.064458236098289490e-02,1.098839640617370605e-01,2.052143961191177368e-02,-2.184562385082244873e-02,7.170334458351135254e-02,-1.248702183365821838e-01,-1.698734983801841736e-02,-1.850609295070171356e-02,-3.752298951148986816e-01
-5.925673842430114746e-01,-1.452181100845336914e+00,-2.855703234672546387e-01,1.047900766134262085e-01,1.452424377202987671e-01,3.246656060218811035e-02,-6.943886727094650269e-02,1.044981777667999268e-01,1.315689384937286377e-01,7.440828252583742142e-03,1.788015477359294891e-02,-2.271386608481407166e-02,-1.201223954558372498e-02,-5.749069154262542725e-02,-6.348147988319396973e-02,-6.028092652559280396e-02,2.032402530312538147e-02,1.142021492123603821e-01,-9.358724206686019897e-02,-7.220827788114547729e-02,7.313857972621917725e-02,-1.310733556747436523e-01,1.170754581689834595e-01,1.097549274563789368e-01,-2.116937935352325439e-01,8.549460023641586304e-02,-4.246787354350090027e-02,-5.533496383577585220e-03,1.306624263525009155e-01,-2.932914197444915771e-01,7.474119961261749268e-02,5.652939900755882263e-03,-8.737953752279281616e-02,-1.290329992771148682e-01,-1.363830547779798508e-02,-6.365998089313507080e-02,-1.514342240989208221e-02,-1.010895669460296631e-01,2.109349332749843597e-02,-1.730572432279586792e-01,-9.438591450452804565e-02,7.876984775066375732e-02,3.942919895052909851e-03,-6.351767480373382568e-02,1.538894027471542358e-01,-5.803892388939857483e-02,-9.954332560300827026e-02,6.816247105598449707e-02,-2.072485238313674927e-01,2.137949466705322266e-01,7.791381329298019409e-02,1.162678673863410950e-01,-6.524432450532913208e-02,4.920038208365440369e-02,-9.660294651985168457e-02,1.685460507869720459e-01,-1.673354022204875946e-02,-7.038252055644989014e-02,-1.687341481447219849e-01,-2.008026465773582458e-02,-7.225424796342849731e-02,-1.862685680389404297e-01,5.901218578219413757e-02,-4.019165039062500000e-02,-1.152477599680423737e-02,-1.275414377450942993e-01,1.347847729921340942e-01,5.716545134782791138e-02,5.447461456060409546e-02,-5.556710809469223022e-02,-1.311575323343276978e-01,-1.437273770570755005e-01,9.311870485544204712e-02,1.496550887823104858e-01,-9.724770486354827881e-02,-1.600700467824935913e-01,3.628946840763092041e-02,-3.603664413094520569e-02,-1.404931992292404175e-01,-1.332037299871444702e-01,-5.902678146958351135e-02,3.477433323860168457e-02,3.116881661117076874e-02,3.411816433072090149e-02,1.224568858742713928e-01,9.991967678070068359e-02,-3.058195300400257111e-02,-5.060186982154846191e-02,-1.016623619943857193e-02,8.640075474977493286e-02,1.176472529768943787e-01,-2.719046771526336670e-01,7.812210172414779663e-02,5.981241166591644287e-02,-7.013449072837829590e-02,1.782486587762832642e-02,4.102285951375961304e-02,-1.158584728837013245e-01
-7.360317558050155640e-02,-7.308212518692016602e-01,2.343250662088394165e-01,-3.423035889863967896e-02,-5.369722470641136169e-02,4.426471516489982605e-02,1.234670728445053101e-01,7.048828527331352234e-03,-5.712222307920455933e-02,-1.304008066654205322e-01,-5.271774902939796448e-02,2.161156088113784790e-01,1.643265932798385620e-01,8.732198923826217651e-02,-3.150349855422973633e-02,-2.346290275454521179e-03,4.048802331089973450e-02,6.540911644697189331e-02,1.254245638847351074e-01,6.007478572428226471e-03,-1.427677720785140991e-01,-1.128683611750602722e-01,-1.958037354052066803e-02,-1.144980266690254211e-01,-1.518260389566421509e-01,1.072313338518142700e-01,-1.528389155864715576e-01,9.836181998252868652e-02,1.099806576967239380e-01,1.007738411426544189e-01,7.805342227220535278e-02,-1.733687371015548706e-01,-5.487180873751640320e-02,-3.500995039939880371e-01,-9.523031115531921387e-02,1.799843460321426392e-01,8.211071789264678955e-02,9.288123250007629395e-02,6.046967953443527222e-02,-7.849998772144317627e-02,-1.156922131776809692e-01,4.961495473980903625e-02,1.454277932643890381e-01,8.377340435981750488e-02,1.237385533750057220e-02,-3.968767414335161448e-04,6.014401093125343323e-03,1.905687153339385986e-01,-9.747622907161712646e-02,-1.929474920034408569e-01,6.861358135938644409e-02,-6.479861587285995483e-02,-8.227450400590896606e-02,-7.655951380729675293e-02,-4.019312560558319092e-01,4.066900908946990967e-02,4.499195888638496399e-02,-3.635081946849822998e-01,4.370763525366783142e-02,-6.865707784891128540e-02,-1.265776753425598145e-01,-9.188966453075408936e-02,-2.135408483445644379e-02,-8.410520106554031372e-02,-1.735465377569198608e-01,9.916364401578903198e-02,-7.038959115743637085e-02,1.071486473083496094e-01,2.484759688377380371e-02,4.130479320883750916e-02,1.429011076688766479e-01,-6.126423180103302002e-02,-1.386213488876819611e-02,5.953413620591163635e-02,-2.902069985866546631e-01,-1.864007711410522461e-01,-1.501324176788330078e-01,-1.306664347648620605e-01,-2.206303412094712257e-03,-3.548149392008781433e-02,-7.382415235042572021e-02,3.497044369578361511e-02,2.648622542619705200e-02,-3.853449523448944092e-01,-8.705857396125793457e-02,5.957630276679992676e-02,-2.708572447299957275e-01,3.872933983802795410e-02,8.780080080032348633e-02,6.236774101853370667e-02,-8.898270130157470703e-02,2.596238814294338226e-02,-9.182411246001720428e-03,-2.004668563604354858e-01,-7.644726336002349854e-02,3.051571920514106750e-02,2.112367153167724609e-01,-3.096649609506130219e-02
-8.896850049495697021e-02,-7.999536991119384766e-01,2.271086350083351135e-02,7.560447603464126587e-02,-5.071176588535308838e-02,1.485899090766906738e-01,-2.206795662641525269e-02,-6.663642823696136475e-02,5.608135461807250977e-02,-1.523022055625915527e-01,-1.752863265573978424e-02,-1.301314085721969604e-01,-7.279232889413833618e-02,-3.158110007643699646e-02,-2.401382327079772949e-01,-2.418640628457069397e-02,9.099195897579193115e-02,5.828432366251945496e-02,-2.877844311296939850e-02,6.030026823282241821e-03,2.318844012916088104e-02,1.382847316563129425e-03,-2.919143140316009521e-01,-1.337665468454360962e-01,2.105912715196609497e-01,-4.326111450791358948e-02,1.128195449709892273e-01,-8.345342241227626801e-03,-1.305122673511505127e-01,2.098677903413772583e-01,-3.897112607955932617e-01,-1.907818168401718140e-01,3.122893162071704865e-02,7.218484580516815186e-02,2.193536609411239624e-02,1.970907486975193024e-02,2.062972635030746460e-02,-5.131065472960472107e-02,4.340743646025657654e-02,7.394221425056457520e-02,-9.056379646062850952e-02,-1.784607470035552979e-01,-1.234713345766067505e-01,-2.012879773974418640e-02,1.785190589725971222e-02,-3.474788740277290344e-02,1.296540051698684692e-01,8.892494440078735352e-02,1.009441539645195007e-01,-4.077515006065368652e-01,-3.929347544908523560e-02,-7.829272001981735229e-02,-3.103642538189888000e-02,-8.739983290433883667e-02,-1.014850195497274399e-02,1.608814448118209839e-01,-1.004652082920074463e-01,1.299538612365722656e-01,-2.916119433939456940e-02,4.812140762805938721e-02,5.412548780441284180e-02,-4.007149636745452881e-01,1.565798968076705933e-01,5.673966556787490845e-02,1.160154566168785095e-01,-2.021853998303413391e-02,2.455851063132286072e-02,1.029527857899665833e-01,-3.127749860286712646e-01,-2.356578260660171509e-01,-2.690838277339935303e-02,-1.423524878919124603e-02,6.673480570316314697e-02,-1.378313601016998291e-01,9.154831618070602417e-02,1.133483089506626129e-02,3.365808166563510895e-03,1.886777728796005249e-01,2.499670982360839844e-01,-2.494192868471145630e-01,3.740072250366210938e-02,-6.238891482353210449e-01,-1.489821821451187134e-01,2.453898638486862183e-02,7.992161810398101807e-02,-1.040944531559944153e-01,1.994283497333526611e-02,5.884549394249916077e-02,-9.904235601425170898e-02,3.034489601850509644e-02,-2.483301609754562378e-01,5.080547928810119629e-02,1.126056257635354996e-02,-6.146063655614852905e-02,-3.744243085384368896e-01,-3.647889494895935059e-01,-9.678620845079421997e-02,1.985335350036621094e-01
3.970482386648654938e-03,-1.629472970962524414e+00,1.139029860496520996e-01,-1.386156678199768066e-01,1.496263295412063599e-01,9.741441905498504639e-02,-1.733038276433944702e-01,-1.582379043102264404e-01,1.100748777389526367e-01,-2.034669965505599976e-01,-5.502335727214813232e-02,-5.890326946973800659e-02,-2.660493850708007812e-01,-7.682615425437688828e-03,7.399410009384155273e-02,1.915272697806358337e-02,-7.224050909280776978e-02,-3.664526343345642090e-02,-4.446182548999786377e-01,-2.740022726356983185e-02,1.645648293197154999e-02,-8.287017792463302612e-02,-3.114963695406913757e-02,-1.016153395175933838e-01,-1.914080232381820679e-02,6.741807609796524048e-02,-6.265674531459808350e-02,-1.087966188788414001e-01,-1.326316297054290771e-01,8.331170305609703064e-03,-3.635436668992042542e-02,-1.048828568309545517e-02,-4.193410277366638184e-02,-1.065975204110145569e-01,-3.824754059314727783e-02,-5.285562947392463684e-02,1.715639233589172363e-01,1.072932705283164978e-01,1.932951807975769043e-02,-1.126395016908645630e-01,8.356980234384536743e-02,-8.515852689743041992e-02,-2.489287592470645905e-02,5.902392789721488953e-02,-1.960688233375549316e-01,-1.262313723564147949e-01,1.489312797784805298e-01,-9.399870038032531738e-02,1.840823590755462646e-01,-1.039160415530204773e-01,5.714017897844314575e-02,-1.476794928312301636e-01,-2.003236860036849976e-02,6.764481961727142334e-02,-1.337662190198898315e-01,-5.985155701637268066e-02,-2.593940198421478271e-01,1.163637340068817139e-01,1.177368611097335815e-01,-2.161982059478759766e-01,1.654415763914585114e-02,6.184050813317298889e-03,4.006034880876541138e-02,-7.033859938383102417e-02,1.095344424247741699e-01,7.622689008712768555e-02,-7.460115104913711548e-02,7.623296231031417847e-02,-1.689868569374084473e-01,9.610516950488090515e-03,-1.367595642805099487e-01,1.832047849893569946e-02,4.627284035086631775e-02,-6.227365136146545410e-02,7.965362071990966797e-02,3.323244862258434296e-03,1.450109779834747314e-01,3.196473792195320129e-02,-5.300044268369674683e-02,8.493024855852127075e-02,3.152949735522270203e-03,-1.816710531711578369e-01,5.369262769818305969e-02,-5.501798819750547409e-03,9.896360337734222412e-02,6.992591172456741333e-02,-1.028974503278732300e-01,-2.464825958013534546e-01,1.608008146286010742e-02,1.706482493318617344e-03,-1.575025618076324463e-01,1.036008968949317932e-01,7.826484739780426025e-02,1.773528903722763062e-01,-6.359631568193435669e-02,-1.383601222187280655e-02,-1.234901696443557739e-01,-1.636541038751602173e-01
-3.446103930473327637e-01,-4.482112824916839600e-01,-4.127666652202606201e-01,-9.774520248174667358e-02,-4.952917248010635376e-02,2.187611162662506104e-01,1.148130446672439575e-01,-1.676784753799438477e-01,1.452054381370544434e-01,6.674458086490631104e-02,-1.836106032133102417e-01,-3.994461894035339355e-02,1.042389497160911560e-01,-1.698744148015975952e-01,2.597637474536895752e-01,-3.137605264782905579e-02,2.664340436458587646e-01,7.880044728517532349e-02,-1.837006360292434692e-01,-7.018274068832397461e-02,-1.182808279991149902e-01,4.233478382229804993e-02,-6.220968812704086304e-02,-2.100248448550701141e-02,1.142537444829940796e-01,7.926936447620391846e-02,-1.212262548506259918e-02,5.640146322548389435e-03,2.691914699971675873e-02,-2.054217159748077393e-01,-1.037157326936721802e-01,4.559274762868881226e-02,-2.511435747146606445e-02,-2.916343882679939270e-02,-1.594284735620021820e-02,-1.057153344154357910e-01,-7.264063507318496704e-02,-2.333428338170051575e-02,-5.339295789599418640e-02,2.609542906284332275e-01,7.229600101709365845e-02,1.404489427804946899e-01,1.057230532169342041e-01,-7.177605479955673218e-02,1.623249500989913940e-01,-1.984153687953948975e-02,-1.822319328784942627e-01,-1.582830250263214111e-01,1.497463583946228027e-01,-1.088730394840240479e-01,7.281197607517242432e-02,4.877728968858718872e-02,1.056975722312927246e-01,-8.561341464519500732e-02,-2.553919851779937744e-01,-1.443801969289779663e-01,-1.684589982032775879e-01,-1.004902832210063934e-02,1.047023106366395950e-02,-2.977463304996490479e-01,-1.248342320322990417e-01,-3.037294931709766388e-02,-2.723962366580963135e-01,-2.576102614402770996e-01,8.502770215272903442e-02,1.333500295877456665e-01,-5.615346133708953857e-02,9.215874224901199341e-02,6.916775554418563843e-02,-1.581947356462478638e-01,2.597150392830371857e-02,2.240897901356220245e-02,6.156717240810394287e-02,1.389118283987045288e-01,6.528382748365402222e-02,-4.272254556417465210e-02,-7.019963860511779785e-02,1.074929460883140564e-01,1.028109341859817505e-01,1.016965880990028381e-01,-2.210762351751327515e-01,-3.847751915454864502e-01,6.194167584180831909e-02,1.037509366869926453e-01,1.409439742565155029e-01,9.376616030931472778e-02,7.786324620246887207e-02,-4.755756258964538574e-01,2.116975784301757812e-01,8.041570335626602173e-02,1.466073840856552124e-01,9.072626382112503052e-02,5.293661728501319885e-02,-1.299146562814712524e-02,5.719899386167526245e-02,-1.242384165525436401e-01,-8.073425851762294769e-03,-2.087119221687316895e-02
6.997402757406234741e-02,-3.380326628684997559e-01,-1.478134095668792725e-01,1.947159469127655029e-01,-2.545720338821411133e-02,6.117139384150505066e-02,5.083108320832252502e-02,1.916733384132385254e-02,-1.743168234825134277e-01,-9.561266750097274780e-02,8.848795294761657715e-02,-1.477638632059097290e-01,-4.574529081583023071e-02,-2.070511579513549805e-01,1.039729416370391846e-01,-7.462389767169952393e-02,3.823199309408664703e-03,4.721472039818763733e-02,-5.798448994755744934e-02,-9.175242856144905090e-03,2.049124613404273987e-02,1.582292616367340088e-01,-4.607661068439483643e-02,-1.886574029922485352e-01,1.857329532504081726e-02,-7.343913614749908447e-02,-8.640344440937042236e-02,-1.328356862068176270e-01,-2.023540735244750977e-01,-1.063874363899230957e-01,3.081311099231243134e-02,4.655298590660095215e-02,1.207565888762474060e-02,-1.300571113824844360e-01,-2.766176126897335052e-02,1.603220254182815552e-01,1.620424389839172363e-01,9.865152835845947266e-02,-1.093906611204147339e-01,-3.194551169872283936e-01,-2.273431792855262756e-02,-1.097753718495368958e-01,1.309854239225387573e-01,-8.034861087799072266e-02,-1.858214437961578369e-01,9.026985615491867065e-02,-1.162607297301292419e-01,4.621260985732078552e-02,-1.637917309999465942e-01,-2.746565341949462891e-01,-1.085924543440341949e-02,-1.267667263746261597e-01,-3.309075236320495605e-01,1.292293984442949295e-02,-2.089238166809082031e-01,2.051182277500629425e-02,-4.128907993435859680e-02,8.072715997695922852e-02,3.274823725223541260e-02,1.723187603056430817e-02,-3.236558139324188232e-01,7.717012893408536911e-03,8.063890784978866577e-02,8.695033937692642212e-02,-2.601387500762939453e-01,9.231587871909141541e-03,2.465903013944625854e-02,-1.048918813467025757e-01,-1.979419887065887451e-01,7.755869626998901367e-02,-1.259886920452117920e-01,1.891447007656097412e-01,5.842712149024009705e-02,-1.672823727130889893e-01,1.150696501135826111e-01,2.072423398494720459e-01,-5.425786226987838745e-02,-1.964073181152343750e-01,5.690053477883338928e-02,1.167073622345924377e-01,1.833624020218849182e-02,-9.002554416656494141e-02,-1.277468353509902954e-01,-7.039572298526763916e-02,-1.232693120837211609e-01,-2.006263881921768188e-01,-1.359469443559646606e-01,-2.465854436159133911e-01,3.750321269035339355e-02,-2.309487462043762207e-01,-1.929529309272766113e-01,-4.835196211934089661e-02,-2.466367930173873901e-01,2.322308532893657684e-02,-1.603215187788009644e-01,-6.036790087819099426e-02,-1.816484481096267700e-01,-3.876087665557861328e-01
8.967813253402709961e-01,-3.209627270698547363e-01,4.394268989562988281e-02,-5.439896881580352783e-02,-6.430559605360031128e-02,1.365757286548614502e-01,-9.602639824151992798e-03,-1.798558682203292847e-01,1.926792785525321960e-03,-2.684959676116704941e-03,-9.030998498201370239e-02,-3.332321345806121826e-01,-9.639865905046463013e-02,-1.503408551216125488e-01,-1.088849976658821106e-01,7.933661341667175293e-02,2.228561043739318848e-01,-1.312022805213928223e-01,3.329325094819068909e-02,7.006172090768814087e-02,-2.087350040674209595e-01,-2.164654433727264404e-01,-2.726878225803375244e-01,-1.972635537385940552e-01,-3.255897760391235352e-02,1.857355982065200806e-02,-2.008551061153411865e-01,1.740248352289199829e-01,7.483063731342554092e-03,-2.879787981510162354e-01,5.894961580634117126e-02,4.671324789524078369e-02,-1.069416478276252747e-01,-1.897557452321052551e-02,7.897145301103591919e-02,3.482084022834897041e-03,3.703042119741439819e-02,1.212520748376846313e-01,1.897125542163848877e-01,1.643626578152179718e-02,6.562950462102890015e-02,-1.089950054883956909e-01,-4.758938774466514587e-02,1.393673419952392578e-01,4.673823341727256775e-02,1.083688735961914062e-01,-5.093659088015556335e-02,4.777563735842704773e-02,5.012967810034751892e-02,1.889355182647705078e-01,-5.462554097175598145e-02,-6.931347399950027466e-02,9.166558831930160522e-02,-1.160581633448600769e-01,-2.982937395572662354e-01,8.098258078098297119e-02,-9.063348174095153809e-02,-3.461873531341552734e-02,5.526707321405410767e-02,-3.560125082731246948e-02,-1.000346690416336060e-01,-8.742646127939224243e-02,-2.538481540977954865e-02,5.923358723521232605e-02,7.332015782594680786e-02,-2.541206218302249908e-02,-2.112468890845775604e-02,6.668008118867874146e-02,2.710414305329322815e-02,-1.303580999374389648e-01,-7.895854301750659943e-03,-1.134252026677131653e-01,1.050745397806167603e-01,-5.210023000836372375e-02,-4.433946684002876282e-03,-1.990699768066406250e-01,3.262285590171813965e-01,5.809667333960533142e-02,1.331425458192825317e-01,-2.009043991565704346e-01,5.891769751906394958e-02,1.520799100399017334e-01,2.068774253129959106e-01,1.504085212945938110e-01,4.709985852241516113e-02,-8.039095252752304077e-02,-6.977402418851852417e-02,1.075722649693489075e-01,-2.870205417275428772e-02,4.385694116353988647e-02,-2.329688966274261475e-01,-2.707772329449653625e-02,7.871384173631668091e-02,-1.184446886181831360e-01,8.088590949773788452e-02,4.935479164123535156e-02,1.813577860593795776e-01,1.334476843476295471e-02
1.855551749467849731e-01,-1.024177193641662598e+00,4.236836358904838562e-02,1.276343464851379395e-01,-9.333587251603603363e-03,-1.579867601394653320e-01,-4.758893698453903198e-02,-1.531480532139539719e-02,-4.157781600952148438e-02,1.921965740621089935e-02,-2.386447638273239136e-01,-1.533777415752410889e-01,9.447869658470153809e-02,-3.075502216815948486e-01,7.243786007165908813e-02,-4.129805136471986771e-03,3.516104817390441895e-02,7.789461314678192139e-02,1.008233129978179932e-01,7.731884717941284180e-02,9.813216747716069221e-04,-2.830621004104614258e-01,-5.451143532991409302e-02,1.160834506154060364e-01,-1.500262133777141571e-02,2.925656735897064209e-02,6.351318210363388062e-02,2.780334278941154480e-02,2.615343779325485229e-02,1.185297593474388123e-01,-9.453451633453369141e-02,1.716132014989852905e-01,-2.758402377367019653e-02,-3.380759060382843018e-02,1.225780174136161804e-01,-1.059062108397483826e-01,3.861565142869949341e-03,5.148025602102279663e-02,-1.345789730548858643e-01,9.440115094184875488e-02,-8.372067660093307495e-02,7.358135282993316650e-02,-6.312108039855957031e-02,-8.743562549352645874e-02,5.737039446830749512e-02,-1.447138637304306030e-01,1.036216095089912415e-01,-2.376725897192955017e-02,-2.702637314796447754e-01,1.393606066703796387e-01,-1.025746017694473267e-01,-8.488941192626953125e-02,-1.826640032231807709e-02,2.035457640886306763e-02,-3.607907295227050781e-01,-2.223922498524188995e-02,-1.783085241913795471e-02,2.130423486232757568e-02,5.704107508063316345e-02,3.865344822406768799e-02,1.818943917751312256e-01,-1.457957327365875244e-01,-3.804624453186988831e-02,-2.516824565827846527e-02,-4.352798685431480408e-02,5.854782834649085999e-02,-5.279210954904556274e-02,4.774874821305274963e-02,3.020206652581691742e-02,-2.701498800888657570e-03,1.711407005786895752e-01,-2.310828268527984619e-01,1.358810067176818848e-01,-4.268961027264595032e-02,-1.283466815948486328e-01,4.270429909229278564e-02,-1.090884581208229065e-01,-1.740035265684127808e-01,1.574699394404888153e-02,-3.433950543403625488e-01,5.602968856692314148e-02,-2.519395761191844940e-02,8.362174779176712036e-02,-1.418849974870681763e-01,9.475707262754440308e-02,-2.193984948098659515e-02,-1.016667708754539490e-01,-3.375675156712532043e-02,-8.970863372087478638e-02,1.192492693662643433e-01,-9.914557635784149170e-02,-9.934822097420692444e-03,1.135544404387474060e-01,-1.354980468750000000e-01,2.328605055809020996e-01,6.164164096117019653e-02,-2.005351036787033081e-01,4.156121239066123962e-02
-3.153040409088134766e-01,5.530136227607727051e-01,1.245038136839866638e-01,5.347843095660209656e-02,-1.868460625410079956e-01,6.161101162433624268e-02,-5.949229747056961060e-02,8.076819032430648804e-02,2.501318454742431641e-01,-2.490825206041336060e-02,-2.032854557037353516e-01,5.618545040488243103e-02,-3.105617128312587738e-02,7.688587531447410583e-03,-4.248628765344619751e-02,8.611043542623519897e-02,2.672988921403884888e-02,-1.268850564956665039e-01,-1.170669496059417725e-01,-1.474765241146087646e-01,-9.438668191432952881e-02,-3.404073715209960938e-01,-1.816514581441879272e-01,-5.097656697034835815e-02,-3.718591481447219849e-02,1.910504698753356934e-02,4.993178881704807281e-03,2.244564890861511230e-02,-2.770222425460815430e-01,-9.968468546867370605e-02,2.047859728336334229e-01,2.208942733705043793e-02,-3.739957511425018311e-02,-1.600495874881744385e-01,-1.903584301471710205e-01,-1.625297963619232178e-01,1.167479828000068665e-01,-1.648705601692199707e-01,-5.293423309922218323e-03,-3.940160274505615234e-01,3.194378688931465149e-02,8.141741156578063965e-02,-1.955171674489974976e-02,-6.676219403743743896e-02,-6.062337756156921387e-01,-4.192118719220161438e-02,-2.131173200905323029e-02,-4.948162138462066650e-01,2.075587585568428040e-02,9.079661965370178223e-02,-1.129919067025184631e-01,-8.237155526876449585e-02,-1.817476302385330200e-01,-1.068969890475273132e-01,-1.361944079399108887e-01,2.537580579519271851e-02,-4.887890070676803589e-02,-1.196783557534217834e-01,4.729637503623962402e-02,-1.468286663293838501e-01,-1.488425731658935547e-01,-9.164353460073471069e-02,7.494394481182098389e-02,5.903960205614566803e-03,9.729513525962829590e-02,8.760374039411544800e-02,-8.898811042308807373e-02,-1.125878617167472839e-01,5.978647992014884949e-02,-1.978437229990959167e-02,-2.493434846401214600e-01,-1.980681568384170532e-01,-1.327717602252960205e-01,2.040799409151077271e-01,1.386405229568481445e-01,-2.046503126621246338e-01,1.556938141584396362e-01,8.105222135782241821e-02,-1.140406951308250427e-01,-2.926786430180072784e-02,2.650863863527774811e-02,7.457987219095230103e-02,3.760942071676254272e-02,5.265665799379348755e-02,4.362634196877479553e-02,1.682179868221282959e-01,4.618697986006736755e-02,1.663525402545928955e-01,-1.230440884828567505e-01,-4.029331263154745102e-03,-3.052323758602142334e-01,-5.875881016254425049e-02,6.592201534658670425e-03,-8.891778439283370972e-02,-3.811904788017272949e-02,8.427350223064422607e-02,2.142684012651443481e-01,6.685052067041397095e-02
3.483563959598541260e-01,-9.433316439390182495e-02,-1.254401057958602905e-01,6.929017603397369385e-02,1.581899635493755341e-02,4.486104846000671387e-02,3.362635150551795959e-02,7.898124307394027710e-02,-1.236152350902557373e-01,3.034524433314800262e-02,-1.851195245981216431e-01,4.525749478489160538e-03,1.636811494827270508e-01,-4.261433705687522888e-02,-6.408131215721368790e-03,-1.471270769834518433e-01,2.507324330508708954e-02,5.363437905907630920e-02,-1.120749861001968384e-01,-1.644041091203689575e-01,-9.629614651203155518e-02,-1.752906590700149536e-01,-1.029762029647827148e-01,1.652505695819854736e-01,-5.278948694467544556e-02,-3.043566271662712097e-02,2.239386551082134247e-02,2.081884630024433136e-02,-6.471090018749237061e-02,-4.158574715256690979e-02,-1.117494255304336548e-01,-1.842330247163772583e-01,-1.496199816465377808e-01,-7.413547486066818237e-02,-3.018739819526672363e-02,-3.641935586929321289e-01,-1.947335302829742432e-01,-3.377836048603057861e-01,-1.351669579744338989e-01,2.015742473304271698e-02,-5.483444929122924805e-01,3.562141582369804382e-02,-1.520430892705917358e-01,4.858500510454177856e-02,-3.829585313796997070e-01,6.114523485302925110e-02,1.354182064533233643e-01,-2.080200761556625366e-01,1.152703016996383667e-01,-1.972637921571731567e-01,8.176697045564651489e-02,-1.789156496524810791e-01,2.492394894361495972e-01,6.264919787645339966e-02,-3.292653858661651611e-01,1.127584557980298996e-02,-1.036311835050582886e-01,1.536313891410827637e-01,-2.333701997995376587e-01,7.926233112812042236e-03,-1.099141389131546021e-01,2.785057760775089264e-02,-2.489271573722362518e-02,1.680582910776138306e-01,-1.369622349739074707e-01,-3.586436621844768524e-03,-4.711500927805900574e-02,-1.042178124189376831e-01,2.654027938842773438e-01,7.631187885999679565e-02,1.209277287125587463e-02,2.345596104860305786e-01,5.885867774486541748e-02,-2.147288769483566284e-01,-6.304708868265151978e-02,-6.737409532070159912e-02,-1.342348158359527588e-01,2.646118216216564178e-02,1.741232573986053467e-01,1.147345155477523804e-01,7.349763810634613037e-02,-1.458110064268112183e-01,2.956861555576324463e-01,-1.248589307069778442e-01,5.672867223620414734e-02,1.211404204368591309e-01,-2.753019891679286957e-02,-1.898197978734970093e-01,6.070711091160774231e-02,1.280216276645660400e-01,6.887971609830856323e-02,-9.452591836452484131e-02,1.251605302095413208e-01,-1.086649857461452484e-02,-9.010109119117259979e-03,2.155211381614208221e-02,-1.112419590353965759e-01,6.157193705439567566e-02
-1.691291481256484985e-01,-1.275946736335754395e+00,3.149554133415222168e-02,1.193127781152725220e-02,-1.422581374645233154e-01,9.818040579557418823e-02,-4.682400450110435486e-02,8.576956391334533691e-02,6.569869071245193481e-02,8.651024848222732544e-02,9.554638713598251343e-02,-5.438225716352462769e-02,2.300753816962242126e-02,6.645158678293228149e-02,1.112606469541788101e-02,5.675907060503959656e-02,8.025401271879673004e-03,-4.565324261784553528e-02,2.199625596404075623e-02,6.473007798194885254e-02,-1.498891860246658325e-01,-2.439132779836654663e-01,-9.907123446464538574e-02,-4.295974969863891602e-02,-1.230727806687355042e-01,9.854628890752792358e-02,1.335422247648239136e-01,-1.792323030531406403e-02,-1.425249408930540085e-02,-1.922616362571716309e-02,1.969064772129058838e-02,-5.866952985525131226e-02,1.667832285165786743e-01,-2.714772522449493408e-02,1.050375401973724365e-01,-1.979742050170898438e-01,4.639380425214767456e-02,4.274607822299003601e-02,2.607145011425018311e-01,-8.392219990491867065e-02,5.428979918360710144e-02,-3.256680965423583984e-01,-2.740582227706909180e-01,2.182321697473526001e-01,2.297443337738513947e-03,-2.013927847146987915e-01,-5.655621364712715149e-02,-2.053478173911571503e-02,7.570793968625366688e-04,-3.031711876392364502e-01,-1.230152919888496399e-01,-7.131869345903396606e-02,-1.225083470344543457e-01,8.883088082075119019e-02,-3.352948725223541260e-01,-4.411351680755615234e-02,-1.064017638564109802e-01,-4.070911556482315063e-02,1.660252892179414630e-04,1.215515583753585815e-01,-4.859807342290878296e-02,-2.192060649394989014e-01,-4.253001511096954346e-02,-1.094888299703598022e-01,-9.087768197059631348e-02,-7.506119459867477417e-02,-1.661016345024108887e-01,-1.722139269113540649e-01,4.542753100395202637e-02,1.311576813459396362e-01,1.769614592194557190e-02,-6.696547567844390869e-02,-1.485542394220829010e-02,-5.056874454021453857e-02,-2.162527740001678467e-01,-1.067317277193069458e-01,-2.155666705220937729e-03,-2.237149327993392944e-02,-3.666955977678298950e-02,-1.969841122627258301e-01,3.780955076217651367e-02,2.242478281259536743e-01,8.453306555747985840e-02,-9.731405414640903473e-03,7.982069253921508789e-02,5.259987711906433105e-02,-1.309658885002136230e-01,5.750983580946922302e-02,-1.492519229650497437e-01,1.197157502174377441e-01,-1.311638057231903076e-01,-1.482511684298515320e-02,2.856094017624855042e-02,-9.852649271488189697e-02,4.969994723796844482e-02,-2.454428076744079590e-01,-1.494892537593841553e-01,6.595010310411453247e-02
-5.394968390464782715e-02,-8.150463551282882690e-02,-2.065747082233428955e-01,-3.198727592825889587e-02,7.514975965023040771e-02,1.717326343059539795e-01,-7.432541996240615845e-02,9.035636670887470245e-03,6.261711567640304565e-02,-3.109816610813140869e-01,4.288414120674133301e-02,6.453610956668853760e-02,2.073385417461395264e-01,1.047803089022636414e-01,1.440077573060989380e-01,-2.339190393686294556e-01,1.382688730955123901e-01,2.319202199578285217e-02,-1.702187657356262207e-01,-9.862935543060302734e-02,1.777635514736175537e-01,-3.834052756428718567e-02,-2.303076209500432014e-03,5.603573098778724670e-02,9.071754664182662964e-02,9.110113233327865601e-02,1.173174306750297546e-01,-1.401490271091461182e-01,-4.488874226808547974e-02,-9.398699621669948101e-04,7.311534136533737183e-02,-1.087604761123657227e-01,1.086723059415817261e-01,1.021680682897567749e-01,4.658434912562370300e-02,-1.063910126686096191e-01,-4.735459387302398682e-02,1.439086496829986572e-01,-5.859459564089775085e-02,1.004295572638511658e-01,-2.338894754648208618e-01,-3.249340653419494629e-01,6.947133690118789673e-02,-8.033323287963867188e-02,-1.260375082492828369e-01,-3.873537853360176086e-02,-1.037380546331405640e-01,-1.941225528717041016e-01,-1.613055467605590820e-01,6.517636030912399292e-02,-1.329314410686492920e-01,1.822769269347190857e-02,7.800372689962387085e-02,-1.995358616113662720e-02,1.571984887123107910e-01,-2.408425211906433105e-01,-3.175458405166864395e-03,2.331274747848510742e-01,-2.541636526584625244e-01,-6.999742239713668823e-02,5.659763887524604797e-02,1.166425123810768127e-01,8.751249313354492188e-02,-3.390187397599220276e-02,1.276425719261169434e-01,-1.857113689184188843e-01,-2.201263979077339172e-02,4.587487876415252686e-02,-1.763215661048889160e-01,-5.550368502736091614e-02,-2.443104423582553864e-02,-4.791097342967987061e-02,1.383019983768463135e-02,-9.867419302463531494e-02,3.546525537967681885e-02,7.384957373142242432e-02,-1.400497406721115112e-01,2.940441481769084930e-02,4.860614612698554993e-02,-3.714741468429565430e-01,1.614939570426940918e-01,-1.256795078516006470e-01,6.314819306135177612e-02,-9.080065786838531494e-02,-6.716511212289333344e-03,-7.355891168117523193e-02,6.565862894058227539e-02,1.401354968547821045e-01,1.804465502500534058e-01,1.968683600425720215e-01,-3.792540729045867920e-01,1.016492545604705811e-01,1.054702997207641602e-01,1.859618723392486572e-01,1.474983617663383484e-02,2.032036706805229187e-02,-7.628448307514190674e-02,2.335385829210281372e-01
3.334030136466026306e-02,2.938979566097259521e-01,4.745726007968187332e-03,-1.130260899662971497e-01,-6.137024611234664917e-02,-9.837568551301956177e-02,-4.468398168683052063e-02,-9.798387065529823303e-03,-1.987703610211610794e-03,1.124001070857048035e-01,-4.745106678456068039e-03,1.278655380010604858e-01,-1.397369801998138428e-01,-8.834987133741378784e-02,-2.063836529850959778e-02,-1.702574342489242554e-01,1.405281275510787964e-01,1.759915649890899658e-01,-4.368858039379119873e-02,8.708508312702178955e-02,-1.383129954338073730e-01,-2.090048491954803467e-01,3.561406210064888000e-02,-2.654871046543121338e-01,-5.481968447566032410e-02,1.521739512681961060e-01,-2.201424390077590942e-01,3.166704624891281128e-02,9.713678807020187378e-02,-9.722117334604263306e-02,-9.233524650335311890e-02,-4.909101724624633789e-01,-1.499232277274131775e-02,-4.816988483071327209e-02,-3.050106950104236603e-02,-2.963111102581024170e-01,-7.887145876884460449e-02,9.740343689918518066e-02,-7.229345291852951050e-02,3.036183714866638184e-01,-2.163693457841873169e-01,-1.170306801795959473e-01,1.527559906244277954e-01,-1.344954073429107666e-01,-1.230967640876770020e-01,2.133247405290603638e-01,-1.643114984035491943e-01,-1.072785537689924240e-02,9.078987687826156616e-02,7.049296982586383820e-03,9.040948003530502319e-02,-2.030659317970275879e-01,-2.289925515651702881e-01,-3.177371993660926819e-02,1.081733778119087219e-02,-6.784534454345703125e-02,-9.599627926945686340e-03,-1.471515893936157227e-01,1.280568446964025497e-02,1.183467283844947815e-01,-1.269552297890186310e-02,1.546909958124160767e-01,1.443536672741174698e-02,1.235826686024665833e-01,1.642147004604339600e-01,-5.782566592097282410e-02,-9.630284458398818970e-02,2.004349678754806519e-01,1.262275278568267822e-01,6.790583580732345581e-02,-3.682538494467735291e-02,7.334288209676742554e-02,-2.567398548126220703e-01,2.356393486261367798e-01,8.528225123882293701e-02,6.106838583946228027e-02,-2.863749861717224121e-01,-1.021038442850112915e-01,5.610778182744979858e-02,-8.561553433537483215e-03,1.316496580839157104e-01,-1.794255077838897705e-01,1.059698387980461121e-01,-2.923390865325927734e-01,2.391445189714431763e-01,8.619599789381027222e-02,-2.819977700710296631e-01,-5.603721365332603455e-02,2.437157742679119110e-02,8.420782163739204407e-03,1.268738061189651489e-01,-5.113543942570686340e-02,8.214252442121505737e-02,-3.018727339804172516e-02,-2.088727056980133057e-01,2.112485915422439575e-01,1.006027217954397202e-02,-5.232066661119461060e-02
3.877458348870277405e-02,-1.430186986923217773e+00,-1.634877175092697144e-02,7.079101353883743286e-02,1.365645229816436768e-01,1.240464523434638977e-01,-2.566644921898841858e-02,-1.098167300224304199e-01,9.763710200786590576e-02,-3.055436164140701294e-02,-7.729931920766830444e-02,1.799848377704620361e-01,5.734506621956825256e-02,-2.557371370494365692e-02,-5.359965935349464417e-02,-5.490691401064395905e-03,-4.423831030726432800e-02,1.846107989549636841e-01,-7.811153680086135864e-02,-1.280654072761535645e-01,6.479138880968093872e-02,1.181746423244476318e-01,2.032913640141487122e-02,1.024396046996116638e-01,1.601536758244037628e-02,3.580445423722267151e-02,-1.628629416227340698e-01,9.931825846433639526e-02,8.969655632972717285e-02,1.239861845970153809e-01,2.832727693021297455e-02,-1.576075702905654907e-02,5.013477802276611328e-02,7.851154357194900513e-02,-4.685444757342338562e-02,7.699491828680038452e-02,-1.219245642423629761e-01,7.435999810695648193e-02,1.163614075630903244e-02,9.024049341678619385e-02,-1.944901235401630402e-02,-4.737182985991239548e-03,-2.380027621984481812e-02,-4.953087773174047470e-03,6.882455945014953613e-02,1.014271602034568787e-01,1.685965955257415771e-01,4.235992953181266785e-02,-2.642640843987464905e-02,-8.470678701996803284e-03,-1.673018336296081543e-01,2.828287892043590546e-02,4.996402934193611145e-02,-4.038772359490394592e-02,1.111181676387786865e-01,2.523170039057731628e-02,-1.288579255342483521e-01,-6.213133409619331360e-02,-8.740449324250221252e-03,-6.418407894670963287e-03,8.274956792593002319e-02,-1.308639161288738251e-02,6.306789815425872803e-02,1.255630552768707275e-01,-1.012657359242439270e-01,1.060320734977722168e-01,2.632182464003562927e-02,-8.191235363483428955e-02,1.186774969100952148e-01,-2.498090453445911407e-02,2.056643217802047729e-01,-2.804994396865367889e-02,7.811634801328182220e-03,8.814748376607894897e-02,-6.296863313764333725e-03,-4.309330135583877563e-02,4.007972404360771179e-02,-5.472263321280479431e-02,-5.289193615317344666e-02,2.682375349104404449e-02,-2.207270823419094086e-02,4.491590708494186401e-02,5.817252895212732255e-05,6.032719463109970093e-02,-1.390645187348127365e-02,-8.244311809539794922e-02,-3.490757942199707031e-02,-5.319498106837272644e-02,-6.730736047029495239e-02,-2.831537043675780296e-03,1.482412125915288925e-02,-1.689337641000747681e-01,-5.807179585099220276e-02,-8.279536664485931396e-02,2.066437155008316040e-02,1.421134173870086670e-01,1.669328957796096802e-01,-3.374948352575302124e-02
-1.331161707639694214e-01,-1.526125073432922363e-01,8.924426138401031494e-02,4.987082909792661667e-03,1.034547947347164154e-02,-7.077413052320480347e-02,3.494564210996031761e-03,1.058616712689399719e-01,7.155334949493408203e-02,-5.292108654975891113e-02,4.695750027894973755e-02,5.077825859189033508e-02,-3.270163238048553467e-01,3.620168566703796387e-02,-8.585292845964431763e-02,1.136243417859077454e-01,-6.795790046453475952e-02,9.814781695604324341e-02,1.243295371532440186e-01,6.103849783539772034e-02,1.096601486206054688e-01,4.551904276013374329e-02,2.377116121351718903e-02,3.643273562192916870e-02,1.077233776450157166e-01,-9.643772989511489868e-02,-7.378843612968921661e-03,1.479491293430328369e-01,-1.883911192417144775e-01,-2.161990851163864136e-02,1.064171120524406433e-01,-1.021524220705032349e-01,-5.070413276553153992e-02,2.251134999096393585e-02,-1.105081066489219666e-01,1.153101474046707153e-01,2.500556223094463348e-02,-1.899134367704391479e-01,-4.191702976822853088e-02,-4.655816592276096344e-03,3.511328995227813721e-02,-1.388123184442520142e-01,-7.365703582763671875e-02,-1.163316667079925537e-01,-2.029724232852458954e-02,-4.375788569450378418e-02,9.517875500023365021e-03,-1.475514471530914307e-02,1.094277109950780869e-02,1.299798935651779175e-01,-1.567147672176361084e-01,-9.465349465608596802e-02,7.796659320592880249e-02,2.731729671359062195e-02,-1.010654270648956299e-01,-1.058674454689025879e-01,-3.472561389207839966e-02,-8.783444762229919434e-03,6.066226586699485779e-02,1.003678590059280396e-01,-6.722201406955718994e-02,1.697036921977996826e-01,-1.289716456085443497e-02,1.177971810102462769e-01,-1.851101368665695190e-01,4.252045601606369019e-02,-2.006809860467910767e-01,9.698638319969177246e-02,-1.793053597211837769e-01,1.592870056629180908e-01,1.686799079179763794e-01,-3.809365630149841309e-02,-3.725028634071350098e-01,1.143657043576240540e-01,7.282277196645736694e-02,1.049975752830505371e-01,2.451798319816589355e-01,-5.995182693004608154e-02,6.241990998387336731e-02,7.523860782384872437e-02,5.431041866540908813e-02,8.157852292060852051e-02,-2.032305300235748291e-01,-7.894699275493621826e-02,4.483900591731071472e-02,3.079721238464117050e-03,-6.726419925689697266e-02,1.787457987666130066e-02,-8.748465217649936676e-03,-2.580103874206542969e-01,8.034393191337585449e-02,1.230351254343986511e-01,-4.296404868364334106e-02,1.204740405082702637e-01,1.174662709236145020e-01,1.540820598602294922e-01,-2.346808090806007385e-02,-2.246790193021297455e-02
-1.351238191127777100e-01,-6.012604832649230957e-01,-7.878258824348449707e-02,3.080192208290100098e-02,-5.362655222415924072e-02,1.102138459682464600e-01,1.002629026770591736e-01,-1.753726005554199219e-01,4.556630924344062805e-02,-4.358024150133132935e-02,-2.864100933074951172e-01,8.968015015125274658e-02,-3.173906505107879639e-01,-4.459076747298240662e-02,-1.310724299401044846e-02,-2.852748334407806396e-02,-2.546615898609161377e-01,-1.451706290245056152e-01,-8.648291230201721191e-02,6.375183165073394775e-02,2.004240639507770538e-02,9.958209842443466187e-02,2.279202826321125031e-02,-1.444603800773620605e-01,-1.309819221496582031e-01,-8.572948724031448364e-02,-1.300102174282073975e-01,-6.690657138824462891e-02,-1.429107040166854858e-01,-1.182616502046585083e-01,9.775224328041076660e-02,-1.580471992492675781e-01,1.050181686878204346e-02,1.575763970613479614e-01,2.799408882856369019e-02,1.051609292626380920e-01,8.343370258808135986e-02,-5.179222673177719116e-02,-7.472865749150514603e-03,-6.698569748550653458e-03,-1.145445331931114197e-01,-1.282663792371749878e-01,7.277250289916992188e-02,1.247828677296638489e-01,-1.042459383606910706e-01,1.698000356554985046e-02,-9.768143296241760254e-02,-1.267756223678588867e-01,7.620650529861450195e-02,2.755123749375343323e-02,-1.333418935537338257e-01,-3.076962530612945557e-01,5.347146093845367432e-02,-1.891211979091167450e-02,-1.884483098983764648e-01,3.057649172842502594e-02,-4.847390651702880859e-01,1.232953295111656189e-01,-2.627686783671379089e-02,-4.797277972102165222e-02,-1.570685952901840210e-01,-4.157719016075134277e-02,2.366555668413639069e-02,9.419094771146774292e-02,-5.569701269268989563e-02,8.991672098636627197e-02,-8.390096016228199005e-03,2.181488126516342163e-01,3.218161314725875854e-02,-2.174226939678192139e-02,-1.292444914579391479e-01,-1.119168754667043686e-02,3.207971900701522827e-02,-7.759396731853485107e-02,1.318300142884254456e-02,-2.647197060286998749e-02,3.104387223720550537e-01,6.945599615573883057e-02,-5.186227336525917053e-02,3.026073426008224487e-02,9.900142997503280640e-02,-6.514213234186172485e-02,1.945512928068637848e-02,-1.127508282661437988e-01,-2.352789789438247681e-02,-7.630848884582519531e-02,5.858501419425010681e-03,-1.336017251014709473e-01,-1.884895712137222290e-01,-6.537367403507232666e-02,-1.320320218801498413e-01,8.963038027286529541e-02,-1.459614634513854980e-01,9.088332951068878174e-02,-6.640275567770004272e-02,4.392080754041671753e-02,-6.441707164049148560e-02,5.869504436850547791e-02
-3.192508220672607422e-01,1.084763765335083008e+00,-2.615065127611160278e-02,-6.053615361452102661e-02,-4.709139466285705566e-01,-6.259468942880630493e-02,4.164971783757209778e-02,-5.895059555768966675e-02,1.965617686510086060e-01,4.498070105910301208e-02,1.021704636514186859e-02,2.297048084437847137e-02,-8.827795833349227905e-02,-2.289083003997802734e-01,-9.790332987904548645e-03,7.966031879186630249e-02,-1.396008580923080444e-01,1.831261324696242809e-03,8.861900120973587036e-02,-2.106277495622634888e-01,3.129805922508239746e-01,1.041314527392387390e-01,-3.484186902642250061e-02,8.749905973672866821e-02,5.462586414068937302e-03,-1.048697829246520996e-01,1.517691463232040405e-01,-1.866973936557769775e-01,8.677088469266891479e-02,3.016708046197891235e-02,2.931091375648975372e-02,-2.903802990913391113e-01,-3.655947744846343994e-02,-1.786428242921829224e-01,1.441620141267776489e-01,5.241138488054275513e-02,2.403334481641650200e-03,1.512510031461715698e-01,-3.316486179828643799e-01,1.731260865926742554e-01,1.859471201896667480e-02,9.728398174047470093e-02,-1.092769652605056763e-01,-1.276624649763107300e-01,-6.477583944797515869e-02,1.952446550130844116e-01,-6.934778392314910889e-02,-1.871179342269897461e-01,2.334167510271072388e-01,-2.752740681171417236e-01,-2.969858944416046143e-01,1.723132878541946411e-01,1.428507715463638306e-01,-1.084906533360481262e-01,-2.296666204929351807e-01,1.976692527532577515e-01,-9.424886852502822876e-02,-4.249850511550903320e-01,-1.104278489947319031e-01,-1.930084973573684692e-01,6.752516329288482666e-02,-6.007259711623191833e-02,-6.003034859895706177e-02,1.282742619514465332e-01,2.467116899788379669e-02,-7.721966505050659180e-02,-3.550490364432334900e-02,-1.953230798244476318e-01,-3.766140639781951904e-01,-7.103780657052993774e-02,-2.252611331641674042e-02,-1.734903305768966675e-01,-2.164125740528106689e-01,-6.608252972364425659e-02,-1.924608834087848663e-02,1.323645412921905518e-01,-1.771469227969646454e-02,-2.280353158712387085e-01,-1.436447501182556152e-01,-5.103693902492523193e-02,-6.957709044218063354e-02,-9.645349532365798950e-02,-2.458640336990356445e-01,-8.465147018432617188e-02,-1.618589013814926147e-01,1.001610755920410156e-01,-1.010143309831619263e-01,-1.678609400987625122e-01,2.320397347211837769e-01,5.764295812696218491e-03,2.957952395081520081e-02,8.749330788850784302e-02,4.076304379850625992e-03,3.862256929278373718e-02,-5.329891294240951538e-02,-1.201811209321022034e-01,-5.990713089704513550e-02,1.396457850933074951e-01
-2.736739255487918854e-02,-6.507061123847961426e-01,2.316976636648178101e-01,-7.843381911516189575e-02,-6.746336817741394043e-02,2.513445913791656494e-02,-2.682972932234406471e-03,-1.970055848360061646e-01,-1.323786564171314240e-02,-9.919242560863494873e-02,-2.352736741304397583e-01,-1.526033971458673477e-02,1.005556136369705200e-01,-2.023226320743560791e-01,6.725062429904937744e-02,3.081172108650207520e-01,4.514774680137634277e-02,-9.675334393978118896e-02,-5.274017527699470520e-02,9.800203889608383179e-02,8.844170719385147095e-02,-1.145090386271476746e-01,-3.288587629795074463e-01,2.745410799980163574e-01,-2.971602082252502441e-01,1.478419546037912369e-02,1.445315629243850708e-01,1.909684240818023682e-01,-4.157838970422744751e-02,-2.718578577041625977e-01,-7.850278913974761963e-02,-8.993286639451980591e-03,-2.639130353927612305e-01,-3.198194801807403564e-01,2.045055292546749115e-02,-3.451275527477264404e-01,2.049403488636016846e-01,-2.007626891136169434e-01,7.941206544637680054e-02,1.716242171823978424e-02,1.294829398393630981e-01,2.102109789848327637e-02,2.456527017056941986e-02,-4.081826284527778625e-02,-1.238702908158302307e-01,-3.093837201595306396e-01,-1.304799318313598633e-01,-3.012280166149139404e-02,-2.162415832281112671e-01,-2.745620608329772949e-01,1.624001115560531616e-01,-9.949215501546859741e-02,-4.065747261047363281e-01,-1.814255416393280029e-01,-3.875461816787719727e-01,-5.046844482421875000e-02,2.332966774702072144e-02,-3.375784754753112793e-01,-3.458023536950349808e-03,-1.164029017090797424e-01,-6.334897875785827637e-02,1.052527576684951782e-01,-1.234186347573995590e-02,-1.141023859381675720e-01,-7.100003957748413086e-02,-9.965846687555313110e-02,-9.268782101571559906e-03,-9.779943525791168213e-02,-9.440784901380538940e-02,-6.643363833427429199e-02,-4.922321066260337830e-02,-3.526893556118011475e-01,-2.816256135702133179e-02,1.443946510553359985e-01,1.317643672227859497e-01,-1.172665953636169434e-01,1.031646206974983215e-01,-2.198022305965423584e-01,-9.095928817987442017e-02,-1.982636004686355591e-01,-1.198495253920555115e-01,1.716220527887344360e-01,2.806462720036506653e-02,8.213989436626434326e-02,4.643019288778305054e-02,-4.762167856097221375e-02,2.177392132580280304e-02,-1.725012660026550293e-01,9.717807918787002563e-02,5.598609521985054016e-02,-5.725553631782531738e-02,3.016013205051422119e-01,4.838108643889427185e-02,-8.670165389776229858e-02,-1.309118866920471191e-01,7.858680933713912964e-02,9.287869930267333984e-02,1.669888496398925781e-01
-7.319023609161376953e-01,-2.220444530248641968e-01,-8.266893029212951660e-02,-1.351212617009878159e-02,2.467203885316848755e-02,1.261154562234878540e-01,5.521756783127784729e-02,1.028322726488113403e-01,-3.306309878826141357e-02,2.148120254278182983e-01,1.603218913078308105e-01,-1.151444911956787109e-01,-2.194443792104721069e-01,3.191002830862998962e-02,8.182043529814109206e-05,7.676680106669664383e-04,-2.228618972003459930e-02,1.127199307084083557e-01,-1.217738986015319824e-01,2.328140102326869965e-02,3.958829864859580994e-02,1.886738277971744537e-02,1.585469394922256470e-01,-9.023288637399673462e-02,-1.305123865604400635e-01,-2.774549424648284912e-01,-5.621196329593658447e-02,5.300601571798324585e-02,-8.963712304830551147e-02,1.132095381617546082e-01,9.514301270246505737e-02,1.308312080800533295e-02,-3.771553561091423035e-02,-2.900034189224243164e-01,9.066164493560791016e-02,2.925019152462482452e-02,-1.518561094999313354e-01,-1.228334102779626846e-02,1.273675858974456787e-01,1.357072889804840088e-01,-4.898473247885704041e-02,1.702154874801635742e-01,-4.802925512194633484e-02,-5.920600611716508865e-03,9.589715860784053802e-03,1.272497028112411499e-01,-5.237108469009399414e-02,1.235582083463668823e-01,-5.230816081166267395e-02,9.539441019296646118e-02,-4.152762703597545624e-03,-6.212092563509941101e-02,-2.641279622912406921e-02,-2.772939503192901611e-01,6.783765740692615509e-03,4.646593704819679260e-02,-3.199230507016181946e-02,-1.490506529808044434e-01,-1.387502849102020264e-01,-1.188049688935279846e-01,8.394857496023178101e-02,2.485694363713264465e-02,-6.263055652379989624e-02,6.873065233230590820e-02,-2.871185541152954102e-02,-2.920033410191535950e-02,4.348938912153244019e-02,8.896027505397796631e-02,-2.688248641788959503e-02,1.654789038002490997e-02,1.465602219104766846e-01,1.113063022494316101e-01,-5.036538839340209961e-02,4.900856874883174896e-04,1.477007418870925903e-01,2.062224783003330231e-02,6.301514338701963425e-03,-1.660579815506935120e-02,6.895382702350616455e-02,-4.560913145542144775e-02,-5.922181159257888794e-02,4.204883705824613571e-03,-1.809299737215042114e-01,1.195412278175354004e-01,-1.677355021238327026e-01,1.366466730833053589e-01,1.084756702184677124e-01,-3.813277184963226318e-02,-2.103263735771179199e-01,-8.776803151704370975e-04,-2.903559245169162750e-02,-4.646816756576299667e-03,4.278367757797241211e-02,-1.269845366477966309e-01,-1.067268699407577515e-01,-1.385098397731781006e-01,3.243376500904560089e-03,-1.254598945379257202e-01
-5.484139323234558105e-01,-1.137770526111125946e-02,-1.664844900369644165e-01,1.549485474824905396e-01,3.080202452838420868e-02,1.279079020023345947e-01,-1.244085505604743958e-01,-2.502912248019129038e-04,1.738990545272827148e-01,-2.530110441148281097e-02,-7.452267408370971680e-02,-5.769505351781845093e-02,-1.122756004333496094e-01,1.129735931754112244e-01,-1.820225566625595093e-01,-1.664491556584835052e-02,1.486706640571355820e-02,7.781985402107238770e-02,-5.411310195922851562e-01,-4.022457450628280640e-02,-5.476631224155426025e-02,1.272242330014705658e-02,3.100938163697719574e-02,7.329396158456802368e-02,3.018664196133613586e-02,2.303393632173538208e-01,-9.771987795829772949e-02,2.751265279948711395e-02,8.062890917062759399e-02,-5.376948509365320206e-03,-6.825552880764007568e-02,1.292845755815505981e-01,7.679163664579391479e-02,4.303786531090736389e-02,9.898908436298370361e-02,-1.223383396863937378e-01,7.388046383857727051e-02,-1.333913803100585938e-01,8.226345479488372803e-02,-1.464715451002120972e-01,3.246382623910903931e-02,-1.717875301837921143e-01,6.798348575830459595e-02,6.336787343025207520e-02,-7.969917356967926025e-02,-2.615369297564029694e-02,-9.773612022399902344e-02,-8.504531532526016235e-02,1.779540441930294037e-02,1.573366969823837280e-01,-6.423402577638626099e-02,-1.643628627061843872e-01,-4.237230494618415833e-02,-3.892046958208084106e-02,-3.783658146858215332e-02,4.573324695229530334e-02,-1.658639013767242432e-01,1.403179764747619629e-02,-1.526614278554916382e-01,1.920717209577560425e-01,-2.865337729454040527e-01,9.869481623172760010e-02,-1.273775845766067505e-01,2.717189788818359375e-01,-8.950582146644592285e-02,-6.798360496759414673e-02,-1.465877592563629150e-01,1.151441037654876709e-01,-1.061376705765724182e-01,9.937570989131927490e-02,8.524677157402038574e-02,1.482580415904521942e-02,2.091385424137115479e-01,-1.870834231376647949e-01,1.529447617940604687e-03,1.334289610385894775e-01,6.148884817957878113e-02,-3.892412409186363220e-02,1.073359921574592590e-01,-1.208169981837272644e-01,-1.455858647823333740e-01,-8.308937773108482361e-03,-3.897626698017120361e-02,-1.155497804284095764e-01,-2.004064433276653290e-02,1.707549393177032471e-01,-8.379735052585601807e-02,-5.360407009720802307e-02,-1.438036859035491943e-01,-1.655667871236801147e-01,3.535750135779380798e-02,-2.351103276014328003e-01,-5.566639825701713562e-02,-7.900490611791610718e-02,-2.856013923883438110e-02,-5.864603072404861450e-02,6.627433001995086670e-02,4.763560369610786438e-02
-9.311928749084472656e-01,9.260068535804748535e-01,3.653836250305175781e-02,-1.293683331459760666e-02,-2.431595176458358765e-01,1.219319528900086880e-03,3.248291462659835815e-02,-3.910155966877937317e-02,5.738363787531852722e-02,-8.500297367572784424e-02,8.098750561475753784e-02,-3.548329696059226990e-02,-1.393656246364116669e-02,-7.199463248252868652e-02,1.211436986923217773e-01,-6.087132543325424194e-02,-1.221506372094154358e-01,-3.920844942331314087e-02,-1.779852360486984253e-01,-4.605911672115325928e-02,-9.932582825422286987e-02,7.811514288187026978e-02,-1.212120875716209412e-01,-2.278146520256996155e-02,1.402909606695175171e-01,-6.470534950494766235e-02,-1.015510596334934235e-02,-8.549295365810394287e-02,6.670857965946197510e-02,1.070000976324081421e-02,2.189542949199676514e-01,6.134778261184692383e-02,-4.241440445184707642e-02,1.534022390842437744e-02,3.802475333213806152e-02,-1.626805663108825684e-01,3.544190526008605957e-02,-1.077964529395103455e-01,1.595347076654434204e-01,-7.014609873294830322e-03,1.174217090010643005e-01,-1.089513525366783142e-01,1.490137279033660889e-01,-2.313342988491058350e-01,-9.093496017158031464e-03,-7.797182351350784302e-02,8.777845650911331177e-03,-9.559366852045059204e-02,-7.439848780632019043e-02,-2.435977011919021606e-02,-4.932323354296386242e-04,1.810310482978820801e-01,2.039004489779472351e-02,8.203475922346115112e-02,-2.212511897087097168e-01,3.396206721663475037e-02,1.321880072355270386e-01,-2.953195571899414062e-01,1.480276987422257662e-04,-1.112723946571350098e-01,-1.138206869363784790e-01,6.758925318717956543e-02,9.796288609504699707e-02,-1.551822274923324585e-01,-1.352602243423461914e-01,6.116560101509094238e-02,-2.210393100976943970e-01,-6.280558183789253235e-03,-4.900560528039932251e-02,9.003731608390808105e-02,-1.784902215003967285e-01,-5.194728076457977295e-02,-1.052023619413375854e-01,-8.511874079704284668e-02,-1.789941266179084778e-02,-3.000349923968315125e-02,2.197013050317764282e-01,1.863992400467395782e-02,-8.983765542507171631e-02,-5.811867862939834595e-02,2.625976316630840302e-02,2.112963423132896423e-02,4.834949225187301636e-02,7.506798952817916870e-03,-1.601672768592834473e-01,1.484122779220342636e-02,-2.219993248581886292e-02,-3.093628883361816406e-01,1.570484787225723267e-01,1.505733132362365723e-01,1.352866590023040771e-01,1.200538426637649536e-01,-1.082640439271926880e-01,-6.792098283767700195e-02,-4.598890617489814758e-02,5.259905755519866943e-02,1.357497870922088623e-01,8.019383996725082397e-02
1.093174219131469727e+00,2.053450420498847961e-02,1.379876285791397095e-01,8.004819042980670929e-03,1.143766641616821289e-01,1.079342365264892578e-01,1.215488985180854797e-01,-9.218739718198776245e-02,3.991137817502021790e-02,5.014375224709510803e-02,-3.053565025329589844e-01,-3.043689765036106110e-02,3.617027401924133301e-02,-1.504302471876144409e-01,6.323903053998947144e-02,-2.431034296751022339e-01,4.742112010717391968e-02,-3.122424520552158356e-02,-1.835208535194396973e-01,-3.248516097664833069e-02,-8.732257038354873657e-02,-1.634908914566040039e-01,-1.125477030873298645e-01,3.973068669438362122e-02,5.200378224253654480e-02,1.779346019029617310e-01,2.742404676973819733e-02,-2.632297575473785400e-02,-2.529781125485897064e-02,-1.789434850215911865e-01,3.512480854988098145e-02,-2.945247665047645569e-02,-8.573304861783981323e-02,8.011745661497116089e-02,5.469318479299545288e-02,8.840511739253997803e-02,1.123777125030755997e-02,-1.854138821363449097e-01,-7.978180795907974243e-02,3.045794367790222168e-02,-6.614556163549423218e-02,-5.922634527087211609e-02,-1.870943158864974976e-01,-7.087538391351699829e-02,-1.264363974332809448e-01,1.014882549643516541e-01,3.936139121651649475e-02,8.636973798274993896e-02,2.315523028373718262e-01,-2.958536148071289062e-02,-5.400060117244720459e-02,-2.274746745824813843e-01,-6.522243376821279526e-03,-4.203272983431816101e-02,3.316221386194229126e-02,-7.833359390497207642e-02,4.997937753796577454e-02,-1.858294196426868439e-02,3.590723965317010880e-03,-1.946389488875865936e-02,-2.563451230525970459e-01,1.087128594517707825e-01,4.062046855688095093e-02,2.447026968002319336e-02,-8.872166275978088379e-02,-2.148847095668315887e-02,8.359989523887634277e-02,3.244948759675025940e-02,-3.226941684260964394e-03,1.208663824945688248e-02,1.425185706466436386e-02,-2.272568270564079285e-02,-9.284058213233947754e-02,2.060561068356037140e-02,6.158496811985969543e-02,1.632303297519683838e-01,9.576429612934589386e-03,-1.736084930598735809e-02,-3.270792216062545776e-02,-4.571432620286941528e-02,-4.638369753956794739e-02,-9.111335128545761108e-02,-3.705884814262390137e-01,-1.830318868160247803e-01,-1.043749228119850159e-01,-1.425229907035827637e-01,-3.033416345715522766e-02,2.242845250293612480e-03,1.861878782510757446e-01,-4.064222872257232666e-01,-2.067635022103786469e-02,-1.294246762990951538e-01,-4.633697494864463806e-02,2.068273425102233887e-01,-5.721120163798332214e-02,-4.337551593780517578e-01,-1.128957942128181458e-01,-3.063105940818786621e-01
6.831745505332946777e-01,6.507263332605361938e-02,7.514677941799163818e-02,4.654077813029289246e-02,6.053664162755012512e-02,2.782408148050308228e-02,-2.233978211879730225e-01,1.489414554089307785e-02,2.406037598848342896e-01,-4.594016373157501221e-01,-3.253385052084922791e-02,-7.765998691320419312e-02,-1.263781785964965820e-01,-2.585020065307617188e-01,-4.477788135409355164e-02,-1.741769015789031982e-01,-1.240391805768013000e-01,-4.158331826329231262e-02,-1.500010937452316284e-01,-3.692584112286567688e-03,1.195278391242027283e-01,1.573536843061447144e-01,-2.332988195121288300e-02,9.907326847314834595e-02,-6.338448077440261841e-02,-1.228626444935798645e-02,-7.456556707620620728e-02,-1.910814344882965088e-01,1.080782711505889893e-01,9.706011414527893066e-02,-1.744486950337886810e-02,-1.539133340120315552e-01,-4.232513904571533203e-02,-6.257561594247817993e-02,-4.468825086951255798e-02,-1.380409020930528641e-02,1.003988310694694519e-01,-1.395754665136337280e-01,6.147329509258270264e-02,-3.776220232248306274e-02,-1.807221211493015289e-02,-3.092993497848510742e-01,-3.477521538734436035e-01,-2.354712411761283875e-02,-9.556216746568679810e-02,8.102374523878097534e-02,2.826548367738723755e-02,-1.414431184530258179e-01,2.150215357542037964e-01,-1.234055534005165100e-01,-4.957399889826774597e-02,-2.950232625007629395e-01,-4.594399780035018921e-02,1.159007996320724487e-01,8.263717591762542725e-02,4.589272290468215942e-02,-1.197506785392761230e-01,-3.840936347842216492e-03,-4.945364594459533691e-02,-2.349159307777881622e-02,-2.558803558349609375e-01,-1.052459701895713806e-03,1.895190775394439697e-02,1.843765191733837128e-02,-3.180998563766479492e-01,-7.072097808122634888e-02,5.578966438770294189e-02,2.431490644812583923e-02,-1.234541907906532288e-01,2.386576309800148010e-02,-5.343717336654663086e-02,1.862190314568579197e-03,-1.548996418714523315e-01,-8.925939910113811493e-03,6.701559573411941528e-02,3.601810662075877190e-03,-1.572523415088653564e-01,-1.254447698593139648e-01,-2.834589034318923950e-02,1.674143783748149872e-02,-1.154457032680511475e-01,7.438647001981735229e-02,-5.634843558073043823e-02,1.746565848588943481e-02,7.911275327205657959e-02,-1.587416604161262512e-02,-1.902744174003601074e-01,-2.700455784797668457e-01,-6.773106753826141357e-02,-1.751383095979690552e-01,-1.765091717243194580e-02,-2.398264408111572266e-01,6.391995400190353394e-02,3.636148944497108459e-02,-1.058344319462776184e-01,-7.609806954860687256e-02,-1.488086581230163574e-01,-3.975619971752166748e-01
-6.991789489984512329e-02,-6.062793731689453125e-01,1.134730875492095947e-02,-1.208977326750755310e-01,-2.312873899936676025e-01,-8.440037816762924194e-02,9.046131744980812073e-03,1.166187450289726257e-01,1.051677986979484558e-01,9.253312647342681885e-02,-9.660317748785018921e-02,4.327256232500076294e-02,-3.076689243316650391e-01,9.933594614267349243e-02,8.452614396810531616e-02,1.557238027453422546e-02,-8.776213228702545166e-02,-5.848079174757003784e-02,1.121385837905108929e-03,6.498582661151885986e-02,-1.486840397119522095e-01,-2.083307057619094849e-01,-9.851428866386413574e-02,-1.994554102420806885e-01,1.616171002388000488e-01,1.715242117643356323e-02,-1.159106642007827759e-01,1.206387057900428772e-01,-1.592886298894882202e-01,2.991753816604614258e-02,-2.258760482072830200e-02,6.457275897264480591e-02,-5.553000047802925110e-02,-1.181317642331123352e-01,-5.831551924347877502e-02,3.136879950761795044e-02,3.077789209783077240e-02,3.808863833546638489e-02,-2.608236968517303467e-01,-1.011226139962673187e-02,-1.308574974536895752e-01,1.508472710847854614e-01,-2.358294427394866943e-01,1.139021441340446472e-01,1.136788427829742432e-01,-1.626735627651214600e-01,2.031393498182296753e-01,2.014391683042049408e-02,3.129662945866584778e-02,3.043298423290252686e-01,-6.723693758249282837e-02,8.821532875299453735e-02,-9.259682893753051758e-02,-6.773506850004196167e-02,8.268905431032180786e-02,-1.339174658060073853e-01,1.272250711917877197e-01,-1.628238940611481667e-03,-3.597954288125038147e-02,4.747686907649040222e-02,-1.476031988859176636e-01,-1.056859456002712250e-02,-1.349377632141113281e-01,1.206743046641349792e-01,2.420869171619415283e-01,-1.790170674212276936e-03,-2.945473603904247284e-02,9.325016289949417114e-02,5.179519206285476685e-02,3.003314137458801270e-02,-7.206869870424270630e-02,-1.955243796110153198e-01,-1.540842559188604355e-02,-2.287273854017257690e-01,-3.963248059153556824e-02,1.543567329645156860e-01,3.912708535790443420e-02,-6.775021553039550781e-02,-9.342948347330093384e-02,4.612529650330543518e-02,-2.853072583675384521e-01,5.680426955223083496e-03,1.453474313020706177e-01,7.196056842803955078e-02,1.643350720405578613e-01,2.238328382372856140e-02,1.787467151880264282e-01,-2.035790495574474335e-02,3.610200062394142151e-02,-1.175155863165855408e-01,-2.301308214664459229e-01,-1.555149704217910767e-01,6.201950833201408386e-02,-1.139042004942893982e-01,1.530239433050155640e-01,-2.435602098703384399e-01,1.242429614067077637e-01,4.936516284942626953e-03
-7.746090888977050781e-01,2.986370623111724854e-01,-4.143752157688140869e-01,-2.864469215273857117e-02,3.583595156669616699e-03,1.279273778200149536e-01,-4.322548210620880127e-02,-4.240136966109275818e-02,7.223375886678695679e-02,1.670568138360977173e-01,7.243261486291885376e-02,7.180432230234146118e-02,-1.176165044307708740e-01,-1.960789859294891357e-01,-6.261629611253738403e-02,5.482373759150505066e-02,-1.142511516809463501e-02,9.187746793031692505e-02,-8.053780347108840942e-02,3.023233078420162201e-02,1.151230633258819580e-01,1.967415362596511841e-01,-2.900325134396553040e-02,-8.723024278879165649e-02,6.391440331935882568e-02,1.156679354608058929e-02,2.365987598896026611e-01,-2.612250745296478271e-01,-1.196951121091842651e-01,-2.449097670614719391e-02,-1.060671824961900711e-02,1.828429847955703735e-01,-2.376945503056049347e-02,3.430307283997535706e-02,5.612537730485200882e-03,-1.752537637948989868e-01,2.035609073936939240e-02,-7.994972914457321167e-02,-1.238470226526260376e-01,5.411277338862419128e-02,1.035908758640289307e-01,-6.448701024055480957e-02,1.237216442823410034e-01,-4.377945959568023682e-01,5.906217545270919800e-02,1.175574734807014465e-01,-1.795392483472824097e-02,3.042335994541645050e-02,1.238243803381919861e-01,-1.345053613185882568e-01,8.799909800291061401e-02,-2.773835957050323486e-01,1.906822770833969116e-01,1.579592563211917877e-02,-1.085676476359367371e-01,7.154661417007446289e-02,-3.496894612908363342e-02,-2.404364058747887611e-03,5.130254477262496948e-02,5.531980097293853760e-02,-2.360955625772476196e-02,-1.496533900499343872e-01,9.875603020191192627e-02,3.452197834849357605e-02,-1.380812078714370728e-01,-1.103399544954299927e-01,-8.284878730773925781e-02,-9.482402354478836060e-02,1.650925576686859131e-01,-3.604631498456001282e-02,1.143352985382080078e-01,4.530483111739158630e-02,5.498341098427772522e-02,1.341200321912765503e-01,-1.554953213781118393e-02,1.243152916431427002e-01,-6.136698126792907715e-01,4.991270601749420166e-02,2.037218026816844940e-02,-1.267080307006835938e-01,3.457738831639289856e-02,-3.007902950048446655e-02,1.085716038942337036e-01,-2.543075755238533020e-02,-5.997401848435401917e-02,-4.281778261065483093e-02,4.118625540286302567e-03,3.133031353354454041e-02,-8.972435444593429565e-02,1.097688823938369751e-01,2.386055700480937958e-02,2.539246901869773865e-02,-1.300685405731201172e-01,1.238795369863510132e-01,1.141261607408523560e-01,-9.625058621168136597e-02,-9.331077337265014648e-02,-4.549394547939300537e-02
-7.847219705581665039e-01,3.009321093559265137e-01,5.452086403965950012e-02,-1.106048449873924255e-01,-1.418804675340652466e-01,3.747889539226889610e-03,3.960605338215827942e-02,-1.121968775987625122e-01,-2.525412477552890778e-03,1.031017899513244629e-01,-7.946244627237319946e-02,-2.315106540918350220e-01,2.317621372640132904e-02,1.105313748121261597e-01,-5.944158136844635010e-02,1.333045512437820435e-01,2.723992988467216492e-02,1.932678371667861938e-02,-9.888724237680435181e-02,-1.445004791021347046e-01,-3.155379742383956909e-02,-1.417420208454132080e-01,3.905469924211502075e-02,2.469596117734909058e-01,3.432865813374519348e-02,-2.383577264845371246e-02,7.072057574987411499e-02,-8.705258369445800781e-02,-1.998754888772964478e-01,9.758933633565902710e-02,-1.441801488399505615e-01,-5.431668460369110107e-02,2.371964007616043091e-01,-3.000277094542980194e-02,3.989521786570549011e-02,-8.874737471342086792e-02,-3.427352383732795715e-02,-6.210631877183914185e-02,-8.900839835405349731e-02,-1.100368797779083252e-01,-1.844547390937805176e-01,1.170523371547460556e-02,-6.378695368766784668e-02,-1.246305089443922043e-02,2.002752721309661865e-01,2.478872425854206085e-03,-4.854056984186172485e-02,1.581372469663619995e-01,-1.063292920589447021e-01,4.367812536656856537e-03,-1.538385450839996338e-01,9.025553613901138306e-02,4.357622191309928894e-02,3.244872018694877625e-02,-8.423651754856109619e-02,4.635734856128692627e-02,-3.873586654663085938e-01,9.064581990242004395e-02,2.139098010957241058e-02,1.637058854103088379e-01,-1.293377578258514404e-01,7.730641216039657593e-02,9.836094826459884644e-02,1.764551401138305664e-01,9.587023407220840454e-02,-2.636704780161380768e-02,8.295949548482894897e-03,-1.135996133089065552e-01,3.877689316868782043e-02,-1.204845681786537170e-01,-2.003173530101776123e-01,7.546020299196243286e-02,8.034611493349075317e-02,-1.585543714463710785e-02,-9.422805905342102051e-02,-1.472528278827667236e-01,5.251325666904449463e-02,-6.502231210470199585e-02,1.201001703739166260e-01,4.540421813726425171e-02,2.544302679598331451e-02,2.421708106994628906e-01,1.199655458331108093e-01,4.458793997764587402e-02,-1.855637431144714355e-01,5.471027269959449768e-02,-5.139574408531188965e-02,2.657967060804367065e-02,6.284060329198837280e-02,-1.478264778852462769e-01,-6.845307350158691406e-02,6.534662842750549316e-02,-1.971107423305511475e-01,1.940564364194869995e-01,-2.174337208271026611e-01,-8.365594781935214996e-03,-2.285050973296165466e-02,1.132429614663124084e-01
3.262838721275329590e-01,-1.010242342948913574e+00,-1.040365397930145264e-01,-3.607505932450294495e-02,-2.306786552071571350e-02,-5.304820835590362549e-02,5.662742629647254944e-02,-9.120235918089747429e-04,-1.526011526584625244e-01,5.614431574940681458e-02,-1.861915737390518188e-01,-3.185764327645301819e-02,-1.490188091993331909e-01,7.408802211284637451e-02,8.776066452264785767e-02,-3.690035548061132431e-03,-4.175941273570060730e-02,3.073837757110595703e-01,1.666501015424728394e-01,2.434265241026878357e-02,-1.745086461305618286e-01,-5.016350746154785156e-02,1.169467810541391373e-02,-1.171675743535161018e-03,-1.973723024129867554e-01,-1.428093388676643372e-02,1.375589072704315186e-01,1.485843658447265625e-01,-3.419755026698112488e-02,4.593858495354652405e-02,3.594304993748664856e-02,2.236826121807098389e-01,1.608914881944656372e-01,1.623504422605037689e-02,6.056293472647666931e-02,-2.739962637424468994e-01,4.834355041384696960e-02,9.770545363426208496e-02,-1.370915770530700684e-01,-1.574192643165588379e-01,-1.837202012538909912e-01,-3.181191533803939819e-02,7.137663662433624268e-02,1.628021150827407837e-01,1.501930058002471924e-01,1.705902665853500366e-01,2.384424395859241486e-02,-1.835547387599945068e-03,-1.521971225738525391e-01,3.698180988430976868e-02,6.471522152423858643e-02,-1.207574531435966492e-01,2.941286005079746246e-02,5.721768829971551895e-03,-5.754100084304809570e-01,-2.467710152268409729e-02,8.125032298266887665e-03,1.207473315298557281e-02,3.472156822681427002e-02,-2.724096551537513733e-02,-1.227728128433227539e-01,-8.974370360374450684e-02,9.881211444735527039e-03,-1.074988692998886108e-01,-8.219374343752861023e-03,8.670935779809951782e-02,-8.547383546829223633e-02,-1.156497597694396973e-01,-1.515461653470993042e-01,-1.815388798713684082e-01,-1.436532735824584961e-01,-1.310247778892517090e-01,-1.095447223633527756e-02,8.648274093866348267e-02,9.758470207452774048e-02,2.453163564205169678e-01,3.932278230786323547e-02,-2.436311691999435425e-01,-2.552695013582706451e-02,-3.387542366981506348e-01,-9.735485166311264038e-02,2.268722206354141235e-01,-2.129329834133386612e-03,1.219917088747024536e-01,6.561952084302902222e-02,-1.865864247083663940e-01,3.103217855095863342e-02,-1.599580422043800354e-02,-2.516131382435560226e-03,-1.122196912765502930e-01,-1.999277770519256592e-01,-1.606351137161254883e-01,8.176295459270477295e-02,-1.806605905294418335e-01,7.311042398214340210e-02,-2.717011608183383942e-02,-1.898662298917770386e-01,3.267576172947883606e-02
-4.944455921649932861e-01,-1.787478625774383545e-01,-4.341335222125053406e-02,6.723801791667938232e-02,-8.482026308774948120e-02,4.200320318341255188e-02,-1.887909881770610809e-02,-1.013898700475692749e-01,1.037457436323165894e-01,-1.544374227523803711e-01,-1.651288866996765137e-01,-3.119959123432636261e-02,-7.397738099098205566e-02,2.671225182712078094e-02,-6.873539835214614868e-02,4.665024578571319580e-02,-3.618088737130165100e-02,5.940328538417816162e-02,-3.494861721992492676e-01,-2.585173398256301880e-02,-3.195953741669654846e-02,6.309238821268081665e-02,5.503725260496139526e-02,1.406529098749160767e-01,-5.384427681565284729e-02,-1.440292107872664928e-03,-1.146554350852966309e-01,5.825963616371154785e-02,-5.890854448080062866e-02,6.712310761213302612e-02,-7.248721271753311157e-02,-3.167788684368133545e-02,-5.401220917701721191e-02,4.955907352268695831e-03,-1.305621117353439331e-01,9.617576748132705688e-02,9.928721189498901367e-02,-2.339091449975967407e-01,-1.256371587514877319e-01,1.595169752836227417e-01,-2.050345093011856079e-01,-1.762871891260147095e-01,1.470318436622619629e-01,3.067579120397567749e-02,-1.064045261591672897e-02,1.871939450502395630e-01,-3.679423779249191284e-02,9.153110533952713013e-02,-1.628721207380294800e-01,8.511916548013687134e-02,-6.996412575244903564e-02,-5.295495390892028809e-01,-8.841162919998168945e-02,-9.334329515695571899e-02,-5.958688259124755859e-02,-5.147626623511314392e-03,-1.561060696840286255e-01,-1.302673965692520142e-01,3.922326490283012390e-03,9.947459399700164795e-02,-2.283871918916702271e-01,-1.049001440405845642e-01,-1.447036713361740112e-01,1.434705257415771484e-01,2.955100871622562408e-02,-4.977319017052650452e-02,3.454062715172767639e-02,2.397869676351547241e-01,1.952955126762390137e-01,4.671885445713996887e-02,-1.064077466726303101e-01,-1.886298693716526031e-02,1.613341830670833588e-02,1.618890613317489624e-01,-5.539985373616218567e-02,3.092128597199916840e-02,1.913214623928070068e-01,5.877845734357833862e-02,-2.779438532888889313e-02,-4.995704069733619690e-02,-7.408224791288375854e-02,-4.631098359823226929e-03,1.943107545375823975e-01,8.536899089813232422e-02,-1.311788707971572876e-01,-4.397404193878173828e-02,-1.161908507347106934e-01,-3.704573959112167358e-02,-1.723456531763076782e-01,-1.036217659711837769e-01,-2.643276751041412354e-02,2.951754070818424225e-02,-3.953099548816680908e-01,-1.576531119644641876e-02,2.485354430973529816e-02,1.107362359762191772e-01,-4.662444442510604858e-02,-1.355180144309997559e-01
-2.162828445434570312e-01,-1.785208344459533691e+00,2.738534286618232727e-02,9.974600374698638916e-02,-6.920554488897323608e-02,2.017538435757160187e-02,-6.943587958812713623e-02,5.629832297563552856e-02,-2.162924408912658691e-01,-2.148602753877639771e-01,-5.231057479977607727e-02,-5.104868859052658081e-02,2.046985626220703125e-01,-1.137648671865463257e-01,-4.642597958445549011e-02,-5.978618189692497253e-02,1.202191412448883057e-01,-2.417223006486892700e-01,-3.504407033324241638e-02,4.825931414961814880e-02,-6.366104818880558014e-03,3.036122210323810577e-02,-5.022672936320304871e-02,-3.892080113291740417e-02,1.217089034616947174e-02,-9.113752096891403198e-02,7.318689674139022827e-02,5.644610617309808731e-03,-3.824429959058761597e-02,6.770458072423934937e-02,-2.065956965088844299e-02,-1.471890974789857864e-02,-3.144805505871772766e-02,-4.762531444430351257e-02,-8.667132258415222168e-02,-8.831477607600390911e-04,-6.727479398250579834e-02,4.717873036861419678e-02,5.242298543453216553e-02,1.123509407043457031e-01,2.114238962531089783e-02,2.536146156489849091e-02,6.233983207494020462e-03,-1.936094760894775391e-01,-1.033622995018959045e-01,6.325180828571319580e-02,-2.359042130410671234e-02,-1.321598440408706665e-01,-1.388361901044845581e-01,3.568886965513229370e-02,1.059100329875946045e-01,9.330259636044502258e-03,9.308488667011260986e-02,-1.331315934658050537e-01,1.995005309581756592e-01,1.699863001704216003e-02,1.391785591840744019e-01,7.707268744707107544e-02,-5.754769593477249146e-02,-8.045545220375061035e-02,1.077988818287849426e-01,-3.230961412191390991e-02,5.747472494840621948e-02,8.747779577970504761e-02,8.384254574775695801e-02,4.933224618434906006e-02,9.485620260238647461e-02,6.726710498332977295e-02,1.910913735628128052e-02,1.587911695241928101e-02,-7.679018378257751465e-02,2.396465092897415161e-02,-1.380624528974294662e-02,1.259393841028213501e-01,5.690351594239473343e-03,5.061063915491104126e-02,-3.053149022161960602e-02,1.067401766777038574e-01,-9.953095018863677979e-02,-2.961671352386474609e-02,-2.768783830106258392e-02,1.053917780518531799e-02,-8.125657588243484497e-02,4.936430975794792175e-02,-6.257271021604537964e-02,-1.398938708007335663e-02,-8.661887049674987793e-02,6.457307189702987671e-02,1.062554642558097839e-01,-1.539406478404998779e-01,6.460695713758468628e-02,6.704677641391754150e-02,1.004936099052429199e-01,-1.204450801014900208e-01,8.930654078722000122e-02,-8.914163336157798767e-04,4.338967427611351013e-02,-2.534347176551818848e-01
1.526516079902648926e-01,-3.249074935913085938e+00,-1.079425495117902756e-02,5.968726426362991333e-02,2.596035040915012360e-02,7.783160358667373657e-02,-3.529367595911026001e-02,-4.605667665600776672e-02,-9.818416088819503784e-02,-2.644157968461513519e-02,2.476859837770462036e-02,-5.922867357730865479e-02,1.384811755269765854e-02,2.925828844308853149e-02,-7.253813743591308594e-02,4.612860456109046936e-02,6.883674860000610352e-02,-1.123190447688102722e-01,4.406722635030746460e-02,9.465584158897399902e-02,6.634408980607986450e-02,-2.683568254724377766e-06,5.550487712025642395e-02,5.077986419200897217e-02,4.151420295238494873e-02,1.028600111603736877e-01,4.648636281490325928e-02,-8.086939901113510132e-02,4.756126552820205688e-02,-4.177668318152427673e-02,-1.452920883893966675e-01,3.104157373309135437e-02,6.065308302640914917e-02,6.148466467857360840e-02,-8.382199448533356190e-04,1.198382526636123657e-01,3.317106142640113831e-02,8.850142359733581543e-02,1.943521201610565186e-02,2.958340570330619812e-03,-1.085556522011756897e-01,-8.017163723707199097e-02,-2.527827396988868713e-02,-7.454736530780792236e-02,-5.763211287558078766e-03,7.637193799018859863e-02,7.792717963457107544e-02,-1.632685586810112000e-02,5.989665538072586060e-02,-3.398962318897247314e-03,-5.489943083375692368e-03,1.375663429498672485e-01,8.444283157587051392e-02,6.771273165941238403e-02,2.916787937283515930e-02,2.532764896750450134e-02,-9.057909250259399414e-02,5.938398092985153198e-02,-8.505747653543949127e-03,-1.401934325695037842e-01,8.900038897991180420e-02,1.155074592679738998e-02,-1.095063313841819763e-01,7.635401561856269836e-03,4.597646743059158325e-02,8.762252982705831528e-04,2.718391455709934235e-02,-4.501952603459358215e-02,2.095586434006690979e-02,8.041280508041381836e-02,-9.477526694536209106e-02,8.395851403474807739e-02,-1.425368487834930420e-01,-1.375098526477813721e-02,3.730561956763267517e-02,-6.734909862279891968e-02,-7.917132973670959473e-02,-1.749212667346000671e-02,-1.782741993665695190e-01,2.186617441475391388e-02,-1.754454970359802246e-01,-1.031567454338073730e-01,-5.492679774761199951e-02,-6.732148677110671997e-02,1.107961870729923248e-03,-8.367371745407581329e-03,3.392914682626724243e-02,-9.337572753429412842e-02,-2.440313622355461121e-02,1.173975616693496704e-01,7.456845045089721680e-02,-4.047355055809020996e-02,3.020261414349079132e-03,9.751348197460174561e-02,8.081448823213577271e-02,-1.731507666409015656e-02,1.146829649806022644e-01,8.980215340852737427e-02
3.969234600663185120e-02,8.282021433115005493e-02,-1.743432283401489258e-01,1.820696145296096802e-02,-1.386065483093261719e-01,7.284044474363327026e-02,-2.525642216205596924e-01,1.335631161928176880e-01,1.182983070611953735e-01,5.221904441714286804e-02,-1.238346695899963379e-01,9.723925590515136719e-02,2.036580890417098999e-01,1.045476719737052917e-01,-6.997250765562057495e-02,1.038689091801643372e-01,6.839672476053237915e-02,7.683970034122467041e-02,-1.426821760833263397e-02,3.879999369382858276e-02,-2.888160385191440582e-02,-6.472364813089370728e-02,4.957635700702667236e-02,2.411405555903911591e-02,1.447297781705856323e-01,1.887190341949462891e-02,1.074730902910232544e-01,-1.505926623940467834e-02,-1.749040782451629639e-01,4.284853488206863403e-02,-2.035016119480133057e-01,-1.503884196281433105e-01,3.428411856293678284e-02,-1.628145277500152588e-01,1.524629294872283936e-01,-1.847779452800750732e-01,-1.694100499153137207e-01,-3.227658197283744812e-02,4.860711842775344849e-02,1.380420289933681488e-02,-6.058403104543685913e-02,-2.098562270402908325e-01,-6.469482928514480591e-02,-2.150648087263107300e-01,-7.759063690900802612e-02,-1.010556332767009735e-02,-5.264065414667129517e-02,1.359330862760543823e-01,-1.001978889107704163e-01,-2.853609025478363037e-01,-9.152800589799880981e-02,1.731575094163417816e-02,3.648688644170761108e-02,1.560322288423776627e-02,2.661311067640781403e-02,-1.676685363054275513e-01,2.083093486726284027e-02,-3.401351720094680786e-02,4.936821013689041138e-02,1.858789622783660889e-01,-6.222023442387580872e-02,3.803689777851104736e-02,1.543427817523479462e-02,2.203230559825897217e-01,3.061193227767944336e-02,-2.199859172105789185e-01,-5.713849887251853943e-02,1.630449444055557251e-01,-3.246231749653816223e-02,-3.995182365179061890e-02,2.817932963371276855e-01,7.043919712305068970e-02,4.879139363765716553e-02,1.458402127027511597e-01,1.874878257513046265e-02,2.282778620719909668e-01,-2.410735189914703369e-01,-3.903343528509140015e-02,-6.282104551792144775e-02,-1.070935875177383423e-01,-6.552568823099136353e-02,2.679848372936248779e-01,-1.024988889694213867e-01,-1.474298071116209030e-02,-6.405836343765258789e-02,1.270361244678497314e-01,4.706582799553871155e-02,-3.652263060212135315e-02,5.862422659993171692e-02,-1.657232940196990967e-01,5.589241161942481995e-02,-4.755472019314765930e-02,1.130253970623016357e-01,3.704196959733963013e-02,-2.196690887212753296e-01,1.109989136457443237e-01,-1.283400058746337891e-01,1.501765698194503784e-01
8.197189867496490479e-02,4.407131671905517578e-01,-1.782983541488647461e-02,3.872215282171964645e-03,-2.277556210756301880e-01,5.381725355982780457e-02,2.357014641165733337e-02,-1.699609868228435516e-02,1.129183396697044373e-01,-1.359478533267974854e-01,5.169046670198440552e-02,8.883689530193805695e-03,1.449906975030899048e-01,-1.615739464759826660e-01,4.916623234748840332e-02,3.195067867636680603e-02,-1.827976554632186890e-01,-5.941326916217803955e-02,-1.574763208627700806e-01,-8.972712792456150055e-03,-2.051471173763275146e-02,-1.457097474485635757e-02,3.076315671205520630e-02,7.899136841297149658e-02,-7.755316793918609619e-02,-1.210351586341857910e-01,-1.346777230501174927e-01,-1.003241464495658875e-01,-1.558457873761653900e-02,3.021000698208808899e-02,-3.114717826247215271e-02,-9.590040147304534912e-02,-1.593477576971054077e-01,-1.139665767550468445e-01,-1.012449413537979126e-01,-1.298311948776245117e-01,-1.672740429639816284e-01,1.077125519514083862e-01,-6.701092422008514404e-02,3.973794728517532349e-02,-7.857472449541091919e-02,2.801887318491935730e-02,-6.077528744935989380e-02,-8.133654296398162842e-02,3.787612542510032654e-02,9.458220750093460083e-02,-6.797412643209099770e-04,-4.477951526641845703e-01,-6.828609108924865723e-02,-5.925708264112472534e-02,1.132688894867897034e-01,-1.154055744409561157e-01,1.325692385435104370e-01,5.385697633028030396e-02,6.080399453639984131e-02,1.948118954896926880e-01,-1.101485639810562134e-01,1.149814724922180176e-01,1.023656036704778671e-02,-6.476519256830215454e-02,-4.695041850209236145e-02,-9.865262359380722046e-02,1.345888078212738037e-01,8.411765098571777344e-02,1.100642308592796326e-01,-3.977708145976066589e-02,2.372680790722370148e-02,7.997577637434005737e-02,-1.636650860309600830e-01,4.724432528018951416e-02,-5.677337944507598877e-02,3.654122725129127502e-02,1.725635230541229248e-01,-9.737252444028854370e-02,-8.940102159976959229e-02,2.902587875723838806e-02,-4.717341065406799316e-02,-5.383151024580001831e-02,4.586109425872564316e-03,1.452103257179260254e-01,1.232278272509574890e-01,2.382761240005493164e-02,6.894955039024353027e-02,-2.456176877021789551e-01,2.485309690237045288e-01,-2.767376787960529327e-02,-2.087726294994354248e-01,8.989919722080230713e-02,-2.910922653973102570e-02,-3.821150213479995728e-02,7.240942865610122681e-02,1.500377804040908813e-01,-1.126689463853836060e-01,1.046029329299926758e-01,-2.377731651067733765e-01,-1.560751795768737793e-01,-4.181514959782361984e-03,-1.507528275251388550e-01
5.028454661369323730e-01,1.997031569480895996e-01,2.267570793628692627e-01,-3.672136226668953896e-03,-1.889166533946990967e-01,-5.770372226834297180e-02,-1.477040052413940430e-01,-3.260803595185279846e-02,-2.514057457447052002e-01,-1.073338761925697327e-01,8.572584390640258789e-02,-1.576286368072032928e-02,2.157180011272430420e-01,-1.948374807834625244e-01,-2.974309027194976807e-01,-7.679883390665054321e-02,3.320289542898535728e-03,-2.325367182493209839e-02,3.495105355978012085e-02,8.356072753667831421e-02,1.335443109273910522e-01,-1.869624247774481773e-03,-1.555461585521697998e-01,1.322082579135894775e-01,1.728282719850540161e-01,1.313176900148391724e-01,-1.540946867316961288e-02,-1.129501219838857651e-02,-4.264790937304496765e-02,-2.003059834241867065e-01,-3.298304677009582520e-01,1.286107748746871948e-01,-2.182360589504241943e-01,4.582474753260612488e-02,2.330195344984531403e-02,-3.455246984958648682e-01,2.839996665716171265e-02,1.246991902589797974e-01,-2.705506682395935059e-01,7.796486467123031616e-02,7.183897495269775391e-02,1.065353006124496460e-01,-3.620455414056777954e-02,8.150868117809295654e-03,-4.356723278760910034e-02,1.149980649352073669e-01,1.674990728497505188e-02,-7.566177845001220703e-02,-2.338264882564544678e-02,-8.880234509706497192e-02,8.118008077144622803e-02,-4.508687648922204971e-03,-7.539711147546768188e-02,-1.081540286540985107e-01,5.959420651197433472e-02,3.001090884208679199e-02,-2.607582509517669678e-01,3.421452045440673828e-01,8.666250109672546387e-02,-1.774892359972000122e-01,2.393535971641540527e-01,2.602924779057502747e-02,-1.034030988812446594e-01,-7.154589146375656128e-02,-3.981580212712287903e-02,-4.719880875200033188e-03,-1.267476975917816162e-01,-9.382987767457962036e-02,4.421647638082504272e-02,6.187831610441207886e-02,-1.980472728610038757e-02,6.581366062164306641e-02,-1.737423799932003021e-02,1.336866319179534912e-01,-2.478175312280654907e-01,3.195331245660781860e-02,-8.842767030000686646e-02,-1.468745712190866470e-02,1.177281886339187622e-02,1.205543503165245056e-01,-3.533548116683959961e-01,-1.347010731697082520e-01,1.421141773462295532e-01,8.233549445867538452e-02,1.946130841970443726e-01,-3.367794677615165710e-02,-1.615545898675918579e-02,-4.535477235913276672e-02,-1.114954352378845215e-01,-1.677513569593429565e-01,-2.634150907397270203e-02,1.289315670728683472e-01,-2.727478183805942535e-02,-5.185288935899734497e-02,-9.854258596897125244e-02,-4.292365163564682007e-03,-1.022315323352813721e-01,1.362135708332061768e-01
-2.787118256092071533e-01,3.567661046981811523e-01,-2.145391553640365601e-01,5.240853503346443176e-02,-2.094507068395614624e-01,-4.440930113196372986e-02,1.548669207841157913e-02,-3.380256891250610352e-02,-1.469240617007017136e-02,-5.281073227524757385e-02,-1.362070906907320023e-02,-1.392025798559188843e-01,1.144496127963066101e-01,4.421284794807434082e-02,-5.264268070459365845e-02,-1.810640096664428711e-01,1.494951248168945312e-01,-2.488484792411327362e-02,1.225853040814399719e-01,-5.001848936080932617e-02,-2.478130012750625610e-01,-2.206763438880443573e-02,8.889664709568023682e-02,1.857962086796760559e-02,-1.699853539466857910e-01,-9.186825156211853027e-02,-4.510800167918205261e-02,-1.014596223831176758e-01,-1.747105270624160767e-02,-3.022190332412719727e-01,2.505626901984214783e-02,-1.912026852369308472e-01,6.065872311592102051e-02,-4.609843194484710693e-01,1.873757876455783844e-02,4.658903554081916809e-02,-2.052770853042602539e-01,1.559884995222091675e-01,-2.108400613069534302e-01,6.929171085357666016e-02,-4.328728467226028442e-02,1.175337359309196472e-01,-1.243160218000411987e-01,-4.702241346240043640e-02,-1.205820664763450623e-01,5.046486109495162964e-02,5.845636129379272461e-02,-1.509213596582412720e-01,-2.193190753459930420e-01,-1.260452717542648315e-01,-3.469917550683021545e-02,1.126513406634330750e-01,2.791728451848030090e-02,1.187620684504508972e-01,2.200667560100555420e-01,-9.120751917362213135e-02,1.565936654806137085e-01,-1.854845136404037476e-01,-9.761603176593780518e-02,-1.259114500135183334e-02,1.042372211813926697e-01,-9.081721305847167969e-02,2.802313491702079773e-02,1.415370963513851166e-02,3.935216739773750305e-02,-4.574887454509735107e-02,6.829212652519345284e-04,4.633408784866333008e-02,-6.108165159821510315e-02,5.182811990380287170e-02,6.311038136482238770e-02,9.161908924579620361e-02,3.833075240254402161e-02,2.634276263415813446e-02,-2.495375834405422211e-02,-1.571781039237976074e-01,-5.990509688854217529e-02,-1.729855090379714966e-01,-8.318948745727539062e-02,-8.626498281955718994e-02,2.900002337992191315e-02,1.946852356195449829e-02,1.229475140571594238e-01,-5.109209567308425903e-02,-3.353110700845718384e-02,8.911284804344177246e-02,-7.185182720422744751e-02,8.432933688163757324e-02,2.753392420709133148e-02,8.112530224025249481e-03,7.274483889341354370e-02,1.143932193517684937e-01,1.000225618481636047e-01,-1.356124281883239746e-01,-8.215957134962081909e-02,-8.766439557075500488e-02,-1.961567401885986328e-01,-6.576973199844360352e-02
1.072218939661979675e-01,1.109110474586486816e+00,1.554361134767532349e-01,-1.029743929393589497e-03,-4.043176770210266113e-01,-3.932417556643486023e-02,-8.541923761367797852e-02,-1.598285734653472900e-01,-7.824067026376724243e-02,2.697649300098419189e-01,-1.676927953958511353e-01,6.963808089494705200e-02,5.787914246320724487e-02,-1.243787929415702820e-01,4.395198542624711990e-03,-9.942147880792617798e-02,2.503041028976440430e-01,-3.300513699650764465e-02,9.312726557254791260e-02,-1.656083613634109497e-01,-2.186187952756881714e-01,-3.078669309616088867e-01,-1.149058789014816284e-01,2.009129375219345093e-01,-1.333337426185607910e-01,-5.245080962777137756e-02,2.648845687508583069e-02,-4.159512370824813843e-02,-1.320851594209671021e-02,1.653878018260002136e-02,-6.445062160491943359e-02,3.380049765110015869e-02,-1.334216594696044922e-01,-6.470941752195358276e-02,3.075901791453361511e-02,1.246832385659217834e-01,2.324216365814208984e-01,-1.318116039037704468e-01,-1.490119695663452148e-01,8.529916405677795410e-02,5.581938475370407104e-02,5.117766559123992920e-02,6.346306204795837402e-02,4.383812099695205688e-02,4.194511845707893372e-02,3.797647356986999512e-02,6.029083393514156342e-03,8.057568222284317017e-03,7.954823225736618042e-02,1.515209227800369263e-01,7.753524929285049438e-03,-8.511584997177124023e-02,9.356596320867538452e-02,5.050267092883586884e-03,6.142968777567148209e-03,9.303517639636993408e-02,-1.337386518716812134e-01,-5.419523455202579498e-03,-9.983059018850326538e-03,-2.026629261672496796e-02,7.778603583574295044e-02,3.321355581283569336e-02,7.148841768503189087e-02,6.690186262130737305e-02,7.112304121255874634e-02,1.007635593414306641e-01,-4.449260234832763672e-02,-2.144387178122997284e-02,3.434776887297630310e-02,-8.948053419589996338e-02,1.042863950133323669e-01,-2.138716280460357666e-01,-8.639876730740070343e-03,6.952200829982757568e-02,-2.351410239934921265e-01,2.188772335648536682e-02,3.676700592041015625e-02,-8.270634338259696960e-03,4.747021198272705078e-02,-1.293152454309165478e-03,-2.530239522457122803e-03,-2.374450862407684326e-01,1.554534025490283966e-02,-2.186231315135955811e-01,1.562813222408294678e-01,-1.288202591240406036e-02,7.541695237159729004e-02,4.076320677995681763e-02,-1.486675292253494263e-01,-1.615869104862213135e-01,-4.139877855777740479e-02,-1.478343456983566284e-01,1.676538959145545959e-02,-2.558977901935577393e-01,-3.757828846573829651e-02,1.954155787825584412e-02,-1.969304680824279785e-02,5.523599684238433838e-02
-2.870551645755767822e-01,-6.216545104980468750e-01,-3.734494093805551529e-04,-3.237624168395996094e-01,-9.083525836467742920e-02,2.042428553104400635e-01,2.089011482894420624e-02,-1.539889276027679443e-01,8.803708851337432861e-02,1.370648480951786041e-02,1.381239015609025955e-02,3.732267022132873535e-02,-1.705673784017562866e-01,9.330009669065475464e-02,-1.206087321043014526e-01,6.627149879932403564e-02,-1.357575654983520508e-01,-2.177061699330806732e-02,-2.813824638724327087e-02,7.703316956758499146e-02,1.747572571039199829e-01,1.034574583172798157e-01,-2.413537949323654175e-01,-1.792338937520980835e-01,-3.912366554141044617e-02,-1.782100945711135864e-01,1.834337413311004639e-01,-1.672726720571517944e-01,-2.567986957728862762e-02,1.308382749557495117e-01,8.545914292335510254e-02,1.274498105049133301e-01,3.944947943091392517e-02,-1.412233710289001465e-01,-8.749973773956298828e-02,-5.663800612092018127e-02,-2.444373071193695068e-01,2.392554879188537598e-01,2.580483444035053253e-02,-7.871385663747787476e-03,-2.113121598958969116e-01,-1.115096434950828552e-01,1.487914323806762695e-01,3.122052550315856934e-01,4.866445809602737427e-02,-9.201186895370483398e-02,7.092735916376113892e-02,1.327146589756011963e-01,7.731051743030548096e-02,1.798324286937713623e-01,2.626249939203262329e-02,-8.833973109722137451e-02,6.960704922676086426e-02,7.862725853919982910e-02,3.305611386895179749e-02,-1.532687246799468994e-01,-1.404952444136142731e-02,-7.400097697973251343e-02,-1.334292143583297729e-01,2.261597476899623871e-02,5.485455691814422607e-02,-2.519040405750274658e-01,-4.186861962080001831e-02,4.233813658356666565e-02,7.687597721815109253e-02,-1.083839908242225647e-01,-2.061995305120944977e-02,8.488605171442031860e-02,8.885870128870010376e-02,1.987563073635101318e-02,2.156243426725268364e-03,-2.217676639556884766e-01,4.270825162529945374e-02,-4.239892214536666870e-02,1.938077434897422791e-02,1.196634918451309204e-01,-6.068324446678161621e-01,1.543331891298294067e-01,7.396469265222549438e-02,-1.784603595733642578e-01,-3.659009188413619995e-02,-1.249156985431909561e-02,-1.132190153002738953e-01,-1.812883019447326660e-01,-6.885902583599090576e-02,-4.538908600807189941e-01,-6.222908571362495422e-02,8.753040432929992676e-02,-1.061296239495277405e-01,7.351963222026824951e-02,8.351312577724456787e-02,1.001086607575416565e-01,4.689088091254234314e-02,1.504913568496704102e-01,1.609361916780471802e-01,6.710103899240493774e-02,-2.021836489439010620e-01,-2.598100602626800537e-01
-6.140854954719543457e-01,-3.503933548927307129e-01,-7.333646714687347412e-02,-4.526595119386911392e-03,-1.995662599802017212e-01,-1.353416312485933304e-02,4.367526620626449585e-02,-4.147177934646606445e-02,3.402321785688400269e-02,1.184658035635948181e-01,-5.775063112378120422e-02,-6.566786766052246094e-02,-1.049194261431694031e-01,6.488467007875442505e-02,-3.318345174193382263e-02,-1.163744926452636719e-01,8.451374620199203491e-02,-8.692051470279693604e-02,-2.975727245211601257e-02,4.300287738442420959e-02,-7.996039092540740967e-02,-2.379618585109710693e-01,-1.195151656866073608e-01,3.870289772748947144e-02,2.331572026014328003e-02,-1.850088685750961304e-02,-4.105045273900032043e-02,1.749462634325027466e-01,1.464071720838546753e-01,7.475320994853973389e-02,-5.671061575412750244e-02,-4.153848066926002502e-02,7.373900711536407471e-02,1.370622515678405762e-01,1.027533262968063354e-01,-1.631779670715332031e-01,-1.727319955825805664e-01,-1.402003914117813110e-01,1.781166791915893555e-01,-2.582376301288604736e-01,7.655706256628036499e-02,-9.084931761026382446e-02,1.319297701120376587e-01,2.368962578475475311e-02,9.948216378688812256e-02,-9.511058032512664795e-02,1.149435341358184814e-01,9.959083050489425659e-02,8.306147903203964233e-02,-1.898633241653442383e-01,-1.498905867338180542e-01,1.278213858604431152e-01,1.165795028209686279e-01,-1.597972586750984192e-02,-3.139518499374389648e-01,-9.638735651969909668e-02,3.485664352774620056e-02,8.401703089475631714e-03,-1.616353541612625122e-01,-6.402619183063507080e-02,-2.136079519987106323e-01,-6.761524081230163574e-02,6.663762032985687256e-02,2.177725583314895630e-01,-1.404605954885482788e-01,-1.012785509228706360e-01,-3.239922923967242241e-03,-1.204675436019897461e-01,1.139281690120697021e-01,-3.795454278588294983e-02,1.117526441812515259e-01,-5.961052607744932175e-03,-2.679555416107177734e-01,-3.968753293156623840e-02,-1.169480085372924805e-01,1.365163177251815796e-01,2.726138234138488770e-01,-1.920410664752125740e-03,7.812069356441497803e-02,-3.586699366569519043e-01,5.135355889797210693e-02,-8.436352014541625977e-02,7.656805962324142456e-02,2.055100165307521820e-02,-1.145114973187446594e-01,-1.491622179746627808e-01,-1.932106614112854004e-01,1.696017384529113770e-02,1.698870584368705750e-02,-3.216483071446418762e-02,-1.360121369361877441e-01,-6.037459149956703186e-02,-5.490207578986883163e-03,-4.353766143321990967e-02,-1.019916161894798279e-01,-2.099853903055191040e-01,4.511439427733421326e-02,7.321564853191375732e-02
-1.069377183914184570e+00,3.323690593242645264e-01,-3.246341049671173096e-01,-3.926651179790496826e-02,-2.978134453296661377e-01,-8.323922753334045410e-02,-1.009891852736473083e-01,-5.219873785972595215e-02,-2.522439509630203247e-02,-2.811687290668487549e-01,-1.976896822452545166e-01,-1.919165998697280884e-02,-7.758882641792297363e-02,9.341640025377273560e-02,-2.140460908412933350e-02,1.650510430335998535e-01,-9.834410250186920166e-02,-1.067260093986988068e-02,-3.585781902074813843e-03,1.118692979216575623e-01,2.020798921585083008e-01,-2.442617565393447876e-01,-3.572739660739898682e-02,-1.969797611236572266e-01,-1.879657953977584839e-01,4.653823003172874451e-02,8.714044094085693359e-02,1.406912039965391159e-02,9.210682660341262817e-02,1.735286414623260498e-01,5.005244910717010498e-02,-9.394960105419158936e-02,-4.151557013392448425e-02,3.854738548398017883e-02,-5.837854370474815369e-02,-6.553161144256591797e-02,-1.860501170158386230e-01,7.961160689592361450e-02,6.132582947611808777e-02,2.801197767257690430e-01,9.499601088464260101e-03,-4.267894849181175232e-02,-6.972728669643402100e-02,-3.513553366065025330e-02,-2.221038192510604858e-01,-1.330822054296731949e-02,-6.048063188791275024e-02,-1.269286721944808960e-01,1.761802285909652710e-01,1.545398831367492676e-01,7.117015123367309570e-02,1.575045436620712280e-01,3.244956210255622864e-02,5.812295246869325638e-03,8.239559829235076904e-02,1.739625334739685059e-01,-2.191499024629592896e-01,-9.793621301651000977e-02,1.352379471063613892e-01,6.209450587630271912e-02,-2.213514000177383423e-01,-2.424602508544921875e-01,8.587797731161117554e-02,-1.270233094692230225e-01,-9.853386133909225464e-02,-1.827193051576614380e-02,-5.133211240172386169e-02,-2.474603950977325439e-01,-9.883984178304672241e-02,1.268848627805709839e-01,-1.472021788358688354e-01,-1.745932549238204956e-01,7.756838947534561157e-02,2.208964899182319641e-02,3.430058807134628296e-02,5.071660503745079041e-02,-6.194881163537502289e-03,1.754394024610519409e-01,-6.810595840215682983e-02,-1.908654719591140747e-01,-7.469058036804199219e-02,-1.921695917844772339e-01,-2.214098274707794189e-01,-2.608837932348251343e-02,2.026224695146083832e-02,-1.394685208797454834e-01,-1.195737347006797791e-01,-2.774666622281074524e-02,-1.025596335530281067e-01,1.212048754096031189e-01,-2.365331631153821945e-03,1.093036383390426636e-01,8.759631216526031494e-02,1.115286275744438171e-01,5.510692298412322998e-02,-4.131064191460609436e-02,7.794666290283203125e-02,-8.175066858530044556e-02
-8.156846761703491211e-01,4.479291141033172607e-01,1.647128164768218994e-01,8.933379501104354858e-02,-2.645489946007728577e-02,9.865603595972061157e-02,-5.167526751756668091e-02,2.766013704240322113e-02,5.850778520107269287e-02,1.615294665098190308e-01,-7.712468504905700684e-02,1.386854145675897598e-02,-1.834332570433616638e-02,-1.541166454553604126e-01,4.346415400505065918e-02,1.416600197553634644e-01,-1.268702149391174316e-01,1.066162139177322388e-01,-2.150943875312805176e-01,-1.505103558301925659e-01,3.407598286867141724e-02,2.502485550940036774e-02,-5.564958602190017700e-02,-1.619208008050918579e-01,1.444185227155685425e-01,1.191663816571235657e-01,-1.242282893508672714e-02,3.493088483810424805e-02,-8.430016040802001953e-02,4.234397783875465393e-02,-2.601157873868942261e-02,-1.564917154610157013e-02,-2.046362310647964478e-02,-7.466150820255279541e-02,-2.424881905317306519e-01,-7.134155929088592529e-02,-2.110826969146728516e-02,1.092787683010101318e-01,1.409772932529449463e-01,7.485027611255645752e-02,6.275165081024169922e-02,-2.617919258773326874e-02,4.923647735267877579e-03,-7.854484021663665771e-02,-3.284209966659545898e-01,7.887545973062515259e-02,-1.824875324964523315e-01,5.702525004744529724e-02,-1.231027916073799133e-01,-5.851883813738822937e-02,1.068219020962715149e-01,-2.828764729201793671e-02,-4.760269448161125183e-02,1.282892376184463501e-01,1.718044579029083252e-01,3.174234880134463310e-03,-1.860663443803787231e-01,-2.049689553678035736e-02,1.032842770218849182e-01,-3.570931032299995422e-02,6.812739372253417969e-02,-2.313846796751022339e-01,-7.797731459140777588e-02,1.844536513090133667e-02,-1.947190053761005402e-02,-2.676562219858169556e-02,-1.879918156191706657e-03,-1.036442723125219345e-02,-1.866452023386955261e-02,4.757944867014884949e-02,-1.296657770872116089e-01,3.238242492079734802e-02,4.507531598210334778e-02,-1.408326923847198486e-01,1.140140742063522339e-01,2.204023115336894989e-02,7.493896037340164185e-02,-5.592076107859611511e-02,-7.932259142398834229e-02,-1.880130022764205933e-01,1.185139119625091553e-01,-8.600816875696182251e-02,8.896420150995254517e-02,-1.689580082893371582e-01,-1.917513757944107056e-01,-1.284178793430328369e-01,8.269614726305007935e-02,4.119035601615905762e-02,-7.640460878610610962e-02,8.507704734802246094e-02,8.022692799568176270e-02,-1.232075393199920654e-01,2.029394060373306274e-01,7.017632573843002319e-02,-2.214229665696620941e-02,-3.307986259460449219e-01,-2.255635559558868408e-01,4.688554257154464722e-02
-7.099491357803344727e-01,-8.483886122703552246e-01,4.124290496110916138e-02,6.991793215274810791e-02,-1.303861141204833984e-01,-4.119522124528884888e-02,-1.128878369927406311e-01,-7.635873556137084961e-02,1.171971578150987625e-02,5.110809952020645142e-02,-1.828430965542793274e-02,1.307722181081771851e-01,-1.203490048646926880e-01,1.077216044068336487e-01,1.214096508920192719e-02,-2.564598806202411652e-02,-7.962282747030258179e-02,-2.016798853874206543e-01,-2.656847983598709106e-02,2.078555338084697723e-02,1.024318113923072815e-01,-2.377870529890060425e-01,-7.167684286832809448e-02,1.538547575473785400e-01,4.244980216026306152e-02,-1.125092618167400360e-02,9.028910845518112183e-02,4.725721105933189392e-02,1.483833324164152145e-02,-2.091170996427536011e-01,-3.534022718667984009e-03,-1.458739489316940308e-01,-1.242474168539047241e-01,-3.550338149070739746e-01,-2.210010401904582977e-02,-7.573917042464017868e-03,7.581077516078948975e-02,-3.744687139987945557e-02,6.417626142501831055e-02,2.733323350548744202e-02,1.779389977455139160e-01,-4.891007393598556519e-02,-8.102814853191375732e-02,6.068547815084457397e-02,3.220492601394653320e-01,5.934076756238937378e-02,1.060589477419853210e-01,-3.692841529846191406e-01,6.606386601924896240e-02,-2.920010499656200409e-02,1.390670686960220337e-01,1.662291735410690308e-01,1.437850594520568848e-01,-5.201874300837516785e-02,-2.112826108932495117e-01,1.681395769119262695e-01,1.549615804105997086e-02,6.545897573232650757e-02,-7.697012275457382202e-02,-1.506815105676651001e-01,-2.726327069103717804e-02,-1.066509634256362915e-01,8.168985694646835327e-02,-1.419355273246765137e-01,1.800152286887168884e-02,8.195772022008895874e-02,-1.416910737752914429e-01,-5.788421258330345154e-02,-7.791464775800704956e-02,1.785222440958023071e-02,-5.291900597512722015e-03,-2.226637303829193115e-01,-1.595798879861831665e-01,9.058116376399993896e-02,-1.728019714355468750e-01,-2.053297013044357300e-01,-1.793259405530989170e-03,-1.233568191528320312e-01,-9.970247000455856323e-02,-5.529308691620826721e-02,2.138399332761764526e-01,2.367076836526393890e-02,8.493558503687381744e-03,-2.888523042201995850e-01,3.784944117069244385e-02,-7.045818120241165161e-02,-4.406129196286201477e-02,-9.176153689622879028e-02,-1.537571996450424194e-01,-5.008465610444545746e-03,-2.402121126651763916e-01,1.103297472000122070e-01,-2.671180479228496552e-02,2.538287341594696045e-01,-2.123216092586517334e-01,-2.786924839019775391e-01,6.489596515893936157e-02,-1.147454530000686646e-01
5.999122858047485352e-01,-4.730774164199829102e-01,9.361508488655090332e-02,-3.056596033275127411e-02,-1.180053427815437317e-01,-5.274634063243865967e-02,-4.562778398394584656e-02,9.953042119741439819e-02,-7.296278327703475952e-02,2.266250103712081909e-01,3.445297479629516602e-02,2.005323767662048340e-01,1.254151612520217896e-01,8.427699655294418335e-02,-7.276019454002380371e-02,7.402534782886505127e-02,-4.168425220996141434e-03,-7.056760042905807495e-02,-1.101239323616027832e-01,-9.165995568037033081e-02,1.300340890884399414e-01,-5.989629402756690979e-02,-6.375154852867126465e-02,-1.849851757287979126e-01,1.459176838397979736e-01,8.306764066219329834e-02,1.588091999292373657e-02,2.996185421943664551e-02,-1.756869605742394924e-03,-2.386459335684776306e-02,6.157823652029037476e-02,-1.060192957520484924e-01,8.064296096563339233e-02,9.600752592086791992e-02,1.150965169072151184e-01,-1.074297949671745300e-01,5.821868404746055603e-02,-4.564443975687026978e-02,-5.777718871831893921e-02,1.063982322812080383e-01,-5.893694609403610229e-02,-3.126549720764160156e-01,1.969715394079685211e-02,1.564420312643051147e-01,-1.313413232564926147e-01,1.113434433937072754e-01,8.250559121370315552e-02,1.698611527681350708e-01,4.183460772037506104e-02,2.959203533828258514e-02,-1.191181838512420654e-01,3.163743764162063599e-02,1.345453434623777866e-03,6.624219566583633423e-02,-2.392439395189285278e-01,1.746160089969635010e-01,-2.095025032758712769e-02,-2.737322635948657990e-02,-5.844552069902420044e-02,-9.310838580131530762e-02,1.542286016047000885e-03,1.079536899924278259e-01,6.804279983043670654e-02,-2.295075207948684692e-01,4.781159386038780212e-02,-3.601045534014701843e-02,-2.897437196224927902e-03,-4.871825873851776123e-02,2.920550666749477386e-02,6.840972602367401123e-02,2.240385115146636963e-01,4.295407794415950775e-03,-4.579834640026092529e-02,-4.987448919564485550e-04,5.862818099558353424e-03,-5.223622545599937439e-02,5.105869844555854797e-02,1.093199662864208221e-02,-1.519541144371032715e-01,1.151139065623283386e-01,-2.429620474576950073e-01,3.237084448337554932e-01,-3.235256299376487732e-02,-3.985857963562011719e-02,-1.003026142716407776e-01,1.963736861944198608e-02,5.605345964431762695e-02,1.475917994976043701e-01,-1.770004443824291229e-02,6.993939727544784546e-02,-5.561048164963722229e-02,-4.001728072762489319e-02,8.138619363307952881e-02,-2.023270279169082642e-01,6.185578554868698120e-02,6.601369380950927734e-02,1.025287881493568420e-01,1.017278432846069336e-01
2.323799207806587219e-02,1.745282858610153198e-01,-8.066786080598831177e-02,-9.076134115457534790e-02,-7.225842773914337158e-02,9.048283100128173828e-02,1.183534339070320129e-01,-3.107492625713348389e-01,4.996160045266151428e-02,-3.866083174943923950e-02,-1.092121675610542297e-01,-1.622106432914733887e-01,2.251477912068367004e-02,1.237364858388900757e-01,5.288666114211082458e-02,-1.409892737865447998e-01,-2.277337312698364258e-01,1.366078406572341919e-01,9.876833856105804443e-02,-1.199150923639535904e-02,4.066077992320060730e-02,-4.383494332432746887e-02,5.532742664217948914e-02,1.573314666748046875e-01,-1.695459336042404175e-01,-8.181955665349960327e-03,8.726173639297485352e-02,-8.607867360115051270e-02,-2.839137450791895390e-04,-1.293023675680160522e-01,9.096486121416091919e-02,4.315945133566856384e-02,3.092922084033489227e-02,-2.339912652969360352e-01,2.389345690608024597e-02,-1.341811120510101318e-01,-3.175507485866546631e-02,1.870668828487396240e-01,-8.045765012502670288e-02,1.312617510557174683e-01,5.809442605823278427e-03,-3.235118463635444641e-02,8.710659295320510864e-02,1.151318177580833435e-01,-1.043981984257698059e-01,7.642112672328948975e-02,-1.283638477325439453e-01,-3.003269731998443604e-01,9.455347806215286255e-02,-2.152477949857711792e-01,3.598624095320701599e-02,5.554207786917686462e-02,-7.164297997951507568e-02,-3.701861947774887085e-02,1.490289121866226196e-01,-6.058313697576522827e-02,1.682182252407073975e-01,-1.965321600437164307e-01,-1.808770447969436646e-01,2.975132316350936890e-02,3.732175752520561218e-02,6.572783738374710083e-02,1.411586105823516846e-01,7.996465265750885010e-02,-7.883843034505844116e-02,6.860788911581039429e-02,9.029654413461685181e-02,-3.568022698163986206e-02,-1.383306831121444702e-01,-8.513580262660980225e-02,8.665301650762557983e-02,3.282762691378593445e-02,-1.003058925271034241e-01,2.422929927706718445e-02,-7.780448347330093384e-02,-9.695820510387420654e-02,-8.137521147727966309e-02,6.010290607810020447e-02,-1.966601908206939697e-01,-1.338016390800476074e-01,-7.870534062385559082e-02,-1.208198815584182739e-01,-1.060791909694671631e-01,1.952533423900604248e-02,-6.181333214044570923e-02,-1.638924889266490936e-02,6.796755641698837280e-02,-3.076246753334999084e-02,3.821662440896034241e-02,1.323616057634353638e-01,2.191826105117797852e-01,-3.386143222451210022e-02,3.448206931352615356e-02,-1.310994774103164673e-01,-2.053213119506835938e-01,5.997131019830703735e-02,-3.381182253360748291e-01,-1.264525577425956726e-02
-1.233599185943603516e+00,1.139232397079467773e+00,1.091104000806808472e-01,-3.986427187919616699e-02,8.055759221315383911e-02,2.899577021598815918e-01,2.375420033931732178e-01,-7.905502617359161377e-02,-2.488994598388671875e-02,5.825927481055259705e-02,-1.014032363891601562e-01,4.571395367383956909e-02,-2.202178686857223511e-01,-2.409022860229015350e-02,8.533302694559097290e-02,1.266732960939407349e-01,5.451080203056335449e-02,-4.808478355407714844e-01,2.241650968790054321e-02,-1.914920508861541748e-01,2.142908424139022827e-01,-3.337549977004528046e-03,-2.513481676578521729e-01,-1.170653924345970154e-01,-2.127488255500793457e-01,1.005775555968284607e-01,8.603487163782119751e-02,-1.168245542794466019e-02,-1.804548352956771851e-01,-2.833581902086734772e-02,2.454024553298950195e-02,-4.012891352176666260e-01,-4.216255247592926025e-02,-4.664765670895576477e-02,-6.426019221544265747e-02,1.831164956092834473e-01,-6.632217764854431152e-02,-1.878512352705001831e-01,-1.280913949012756348e-01,1.237171217799186707e-01,3.256679698824882507e-02,-3.166528046131134033e-02,-7.941536605358123779e-02,-1.166378930211067200e-01,-1.253326535224914551e-01,-2.290459573268890381e-01,-4.895607754588127136e-02,1.187935173511505127e-01,-2.939463555812835693e-01,1.625989228487014771e-01,-2.358458489179611206e-01,2.231915295124053955e-02,7.336484640836715698e-02,-6.889671087265014648e-02,-2.394471466541290283e-01,-3.565260022878646851e-02,3.065357450395822525e-03,8.132528746500611305e-04,-1.623109728097915649e-01,-3.432062566280364990e-01,-7.100070267915725708e-02,4.946053028106689453e-02,-5.958695337176322937e-02,-1.888858675956726074e-01,1.040046140551567078e-01,-1.202424392104148865e-01,-3.219102025032043457e-01,8.148737996816635132e-02,-1.972600221633911133e-01,5.306341219693422318e-03,5.586563050746917725e-02,1.836057752370834351e-01,5.403495207428932190e-02,-2.798337042331695557e-01,-2.804136872291564941e-01,-6.482551991939544678e-02,2.200402319431304932e-01,-9.344955906271934509e-03,-1.656617522239685059e-01,-3.514207899570465088e-01,-1.656633019447326660e-01,-1.335824728012084961e-01,-8.814827539026737213e-03,-7.911927998065948486e-02,1.074964329600334167e-01,1.089187059551477432e-02,-8.226496167480945587e-03,-3.986455202102661133e-01,-1.460746526718139648e-01,2.441566586494445801e-01,-3.228195384144783020e-02,-1.640967279672622681e-01,1.840758472681045532e-01,6.532181799411773682e-02,-4.799056053161621094e-01,2.856897562742233276e-02,-9.769693762063980103e-02,1.184379402548074722e-02
5.485932230949401855e-01,-8.460664153099060059e-01,5.337902158498764038e-02,6.820276379585266113e-02,1.843155920505523682e-02,-5.364093184471130371e-02,-3.767193108797073364e-02,-8.863568305969238281e-02,-1.436878344975411892e-03,1.765421475283801556e-03,-1.610721834003925323e-02,1.782085150480270386e-01,1.981880515813827515e-02,2.405845373868942261e-02,-8.552764356136322021e-02,1.721496321260929108e-02,2.311210893094539642e-02,3.640725091099739075e-02,6.517773121595382690e-02,-4.356470331549644470e-02,-7.397340144962072372e-03,5.586763471364974976e-02,-1.440587341785430908e-01,1.100388914346694946e-01,1.104196682572364807e-01,1.411590278148651123e-01,6.390119343996047974e-02,8.516944199800491333e-02,-5.442288890480995178e-02,5.721453577280044556e-02,1.620045006275177002e-01,8.162663318216800690e-03,2.028267458081245422e-02,-2.935994565486907959e-01,-7.692409306764602661e-02,9.859285317361354828e-03,1.211205199360847473e-01,-1.080879047513008118e-01,-8.181888610124588013e-02,1.101809591054916382e-01,2.043080702424049377e-02,-1.652142107486724854e-01,-1.319091171026229858e-01,1.095333844423294067e-01,-1.602060794830322266e-01,-1.316232979297637939e-01,1.149118319153785706e-01,-2.312245219945907593e-01,-6.722848862409591675e-02,2.755426429212093353e-02,-1.521359086036682129e-01,-1.482808738946914673e-01,1.576404902152717113e-03,-1.127571910619735718e-01,-4.236449301242828369e-01,8.249548077583312988e-02,1.636958271265029907e-01,1.321938633918762207e-01,-1.273842155933380127e-01,-1.376091092824935913e-01,1.840993762016296387e-01,-6.335660815238952637e-02,-3.413137048482894897e-02,2.890357049182057381e-03,1.724836677312850952e-01,5.175819247961044312e-02,-9.082219749689102173e-02,-1.647138893604278564e-01,-3.073809444904327393e-01,-4.011799395084381104e-02,1.868800260126590729e-02,-9.757969528436660767e-02,-8.128198981285095215e-02,-7.963404804468154907e-02,1.017277315258979797e-01,-6.605584919452667236e-02,1.029888540506362915e-01,-1.665505766868591309e-02,4.286758601665496826e-02,1.067689731717109680e-01,7.176353037357330322e-02,-1.478748172521591187e-01,-1.134769767522811890e-01,-1.114308983087539673e-01,-1.639479845762252808e-01,1.938222348690032959e-01,-4.836184903979301453e-02,-2.082077860832214355e-01,8.340951055288314819e-02,5.890270322561264038e-02,-5.055429041385650635e-02,4.874384775757789612e-02,1.430794894695281982e-01,-2.593788802623748779e-01,3.765249252319335938e-02,7.729049772024154663e-02,2.043616026639938354e-01,-6.837833672761917114e-02
-4.399536252021789551e-01,-1.827008962631225586e+00,-1.669341512024402618e-02,-6.117453053593635559e-02,-2.534166723489761353e-02,2.821328863501548767e-02,-7.242384552955627441e-02,-8.376616239547729492e-02,1.445177644491195679e-01,4.317966848611831665e-02,-1.129062753170728683e-02,1.142610460519790649e-01,-5.074423551559448242e-02,3.072201274335384369e-03,4.118278622627258301e-02,4.446942359209060669e-02,-1.169026121497154236e-01,2.844811533577740192e-04,-5.370440334081649780e-02,-5.862389877438545227e-02,-1.452429443597793579e-01,2.313969843089580536e-02,-9.248812496662139893e-02,1.000841334462165833e-02,-1.436879187822341919e-01,3.426337614655494690e-02,-6.630131043493747711e-03,-5.095148831605911255e-02,1.088208425790071487e-02,3.758272156119346619e-02,-1.254725549370050430e-02,1.226955428719520569e-01,4.609861876815557480e-03,5.901438742876052856e-02,8.087418228387832642e-02,-2.215347290039062500e-01,1.358513832092285156e-01,-2.487643621861934662e-02,-1.320805847644805908e-01,-7.346453517675399780e-02,1.624088138341903687e-01,4.116359353065490723e-02,5.288400501012802124e-02,-1.191773414611816406e-01,-1.682054102420806885e-01,9.755957871675491333e-02,-5.764938890933990479e-02,-4.791446402668952942e-02,2.682836540043354034e-02,-2.030977755784988403e-01,-9.442885406315326691e-03,-1.533356010913848877e-01,-8.820033818483352661e-02,7.341379672288894653e-02,-1.473920643329620361e-01,-2.442936971783638000e-02,6.967803090810775757e-02,-7.178586721420288086e-02,1.372643262147903442e-01,-1.077292300760746002e-02,5.186903476715087891e-02,6.212320178747177124e-02,6.403191387653350830e-02,7.940959185361862183e-02,7.316008210182189941e-02,-1.265662014484405518e-01,-9.452444314956665039e-02,-7.553166896104812622e-02,-1.413030549883842468e-02,9.088558703660964966e-02,-1.975514143705368042e-01,2.028187550604343414e-02,-1.917326636612415314e-02,-2.070295810699462891e-02,-1.863699555397033691e-01,-1.587913185358047485e-01,-1.181456893682479858e-01,-3.395673632621765137e-02,-4.755985364317893982e-02,-2.762964181602001190e-02,-1.613647937774658203e-01,-1.204674243927001953e-01,9.458741545677185059e-02,-1.551059931516647339e-01,-1.117644309997558594e-01,1.318985968828201294e-01,-2.322552353143692017e-02,-1.194912195205688477e-01,1.093735322356224060e-01,4.201683402061462402e-02,4.819266125559806824e-02,3.335618227720260620e-02,-3.140512853860855103e-02,1.799109019339084625e-02,-3.094164431095123291e-01,-9.321101754903793335e-02,-1.136620342731475830e-02,9.073932468891143799e-02
-2.923287153244018555e-01,-8.177478611469268799e-02,-6.945330649614334106e-02,4.716677591204643250e-02,-3.524739667773246765e-02,-3.197315707802772522e-02,1.602730751037597656e-01,9.948462992906570435e-02,-6.683720648288726807e-02,-1.696220226585865021e-02,-5.515921115875244141e-02,-9.979639947414398193e-02,-1.416157931089401245e-01,1.154124140739440918e-01,-7.804383523762226105e-03,4.583862144500017166e-03,-8.990678936243057251e-02,5.966896191239356995e-02,-4.711934179067611694e-02,-1.167685091495513916e-01,1.829455047845840454e-01,7.953918725252151489e-02,-3.775143763050436974e-03,2.681303583085536957e-02,1.213655620813369751e-01,-7.336411625146865845e-03,2.156711071729660034e-01,1.126814913004636765e-02,3.428866341710090637e-02,2.429351210594177246e-01,-1.048635765910148621e-01,2.535095997154712677e-02,1.305914521217346191e-01,1.954076290130615234e-01,7.727274298667907715e-02,-3.022683225572109222e-02,3.825349733233451843e-02,-3.346391916275024414e-01,-1.212143450975418091e-01,-4.647068381309509277e-01,-1.409401595592498779e-01,-2.019285857677459717e-01,8.832016959786415100e-03,6.720679998397827148e-02,-2.384162992238998413e-01,1.808630377054214478e-01,-7.416229229420423508e-03,1.209169551730155945e-01,-3.027697652578353882e-02,-4.749890416860580444e-02,-8.170597255229949951e-02,7.161968201398849487e-02,5.608027428388595581e-02,1.067953463643789291e-02,-2.752819061279296875e-01,2.064395323395729065e-02,5.897790938615798950e-02,5.019731447100639343e-02,-4.952995851635932922e-02,-1.345450580120086670e-01,-4.803402721881866455e-02,1.353315636515617371e-02,1.256390064954757690e-01,-1.705788522958755493e-01,-1.940113902091979980e-01,-2.270535007119178772e-02,9.996678680181503296e-03,1.342948675155639648e-01,-7.089919596910476685e-02,-8.950590342283248901e-02,1.580307334661483765e-01,-3.521963953971862793e-01,-4.666044116020202637e-01,-1.230453774333000183e-01,1.993020251393318176e-02,6.367733329534530640e-02,1.521153151988983154e-01,-5.377380922436714172e-02,2.618562057614326477e-02,-3.537099659442901611e-01,-8.241306990385055542e-03,-4.540828466415405273e-01,-1.736919209361076355e-02,3.214256092905998230e-02,4.936140775680541992e-02,-1.688959747552871704e-01,1.833264157176017761e-02,4.781426116824150085e-02,-2.011278457939624786e-02,-6.737703084945678711e-02,-3.090660572052001953e-01,-1.203998774290084839e-01,8.086735755205154419e-02,1.574856974184513092e-02,-2.789371609687805176e-01,-1.682168990373611450e-01,-2.477704286575317383e-01,6.268046796321868896e-03
-6.355715394020080566e-01,8.854467868804931641e-01,-2.884794175624847412e-01,6.201156228780746460e-02,-2.198498994112014771e-01,-1.306467503309249878e-01,7.530383765697479248e-02,-2.338940501213073730e-01,7.534047216176986694e-02,4.413519054651260376e-02,-1.343998312950134277e-01,2.005646377801895142e-01,-2.781946025788784027e-02,6.410767883062362671e-02,8.359152078628540039e-02,-4.772984236478805542e-02,-5.804583430290222168e-02,3.993082791566848755e-02,5.735519342124462128e-03,-9.468086063861846924e-02,-1.861732751131057739e-01,-4.904109984636306763e-02,-1.094442009925842285e-01,-1.692609935998916626e-01,-1.992193050682544708e-02,1.515626534819602966e-02,-1.676071733236312866e-01,1.197683513164520264e-01,5.152577906847000122e-02,1.256912052631378174e-01,4.111588373780250549e-02,-1.744569465517997742e-02,-3.417125642299652100e-01,-4.573967680335044861e-02,9.405627846717834473e-02,6.847029924392700195e-02,6.247225776314735413e-02,-2.188524007797241211e-01,-1.706865578889846802e-01,1.702287793159484863e-01,1.125790700316429138e-01,1.690891571342945099e-02,1.283215582370758057e-01,9.229019284248352051e-02,-2.549584209918975830e-01,6.584568321704864502e-02,-1.636877097189426422e-02,-1.256739720702171326e-02,8.983645588159561157e-02,9.771076589822769165e-02,-1.600917428731918335e-02,-1.143917813897132874e-01,-1.305841058492660522e-01,1.782898604869842529e-02,4.219374805688858032e-02,1.239179447293281555e-02,2.038694731891155243e-02,-1.942463368177413940e-01,2.562341839075088501e-02,-6.842015683650970459e-02,1.128941029310226440e-02,5.665059015154838562e-02,-9.794579446315765381e-02,5.814853683114051819e-02,9.226546436548233032e-02,-1.640418767929077148e-01,-1.980865448713302612e-01,1.177732795476913452e-01,-1.761360764503479004e-01,1.430360693484544754e-02,3.163281828165054321e-02,-7.902210950851440430e-02,-9.578040242195129395e-02,-6.260388065129518509e-03,6.598751246929168701e-02,9.188611805438995361e-02,-7.236902415752410889e-02,3.129144385457038879e-02,1.260100454092025757e-01,1.226475015282630920e-01,-9.984913282096385956e-03,3.707471862435340881e-02,1.095383316278457642e-01,-2.988803433254361153e-03,6.579613685607910156e-02,-4.714840650558471680e-02,-5.105591192841529846e-02,-9.646511077880859375e-02,-8.754279464483261108e-02,9.433419257402420044e-02,6.402844190597534180e-02,1.776119619607925415e-01,1.590617001056671143e-02,5.434586107730865479e-02,-1.845716126263141632e-02,-4.554110392928123474e-02,1.163788810372352600e-01,8.734077564440667629e-04
7.501637935638427734e-01,-9.951777756214141846e-03,-4.047499969601631165e-02,-7.926050573587417603e-02,5.899446085095405579e-02,-3.584503754973411560e-02,-4.397352412343025208e-02,-4.067194834351539612e-02,-8.151817135512828827e-03,4.297946766018867493e-02,-3.683045133948326111e-02,2.681564353406429291e-02,-8.425313979387283325e-03,6.645444035530090332e-02,9.496257454156875610e-02,1.136123761534690857e-01,2.453310787677764893e-02,-1.373839378356933594e-01,1.356565952301025391e-01,-2.781428024172782898e-02,1.152775883674621582e-01,4.320862889289855957e-02,3.258696943521499634e-02,2.857996849343180656e-03,-5.732296500355005264e-03,-4.466901347041130066e-02,5.021949182264506817e-04,-9.295296855270862579e-03,-4.756873100996017456e-02,-1.120179072022438049e-01,1.909214705228805542e-01,1.190278381109237671e-01,-2.272185087203979492e-01,2.133788168430328369e-01,-1.737929694354534149e-02,-8.100751787424087524e-02,1.562009751796722412e-01,-3.754028305411338806e-02,-1.037197783589363098e-01,-1.427750196307897568e-02,-4.145674407482147217e-02,7.040672004222869873e-02,-9.182874113321304321e-03,1.832128912210464478e-01,9.449277073144912720e-03,-4.181089997291564941e-02,-1.214967593550682068e-01,-4.377973079681396484e-02,1.552979499101638794e-01,-4.274735227227210999e-02,5.863555707037448883e-03,1.031749099493026733e-01,8.355997502803802490e-02,-1.570799797773361206e-01,-1.424376815557479858e-01,8.308368176221847534e-02,2.120151370763778687e-02,-1.918540894985198975e-01,-2.243932187557220459e-01,-1.223029941320419312e-01,2.538497932255268097e-02,-2.905679866671562195e-02,8.970227837562561035e-02,1.810307055711746216e-01,1.185837909579277039e-01,-6.849136203527450562e-03,-9.400541335344314575e-02,-3.483842685818672180e-02,8.006540685892105103e-02,-2.271057218313217163e-01,-9.489044547080993652e-02,6.531145423650741577e-02,-1.988445967435836792e-01,-3.604132309556007385e-02,-1.169341802597045898e-02,2.576742693781852722e-02,1.680138111114501953e-01,-6.447003036737442017e-02,-1.995213180780410767e-01,-8.119606226682662964e-02,2.510909177362918854e-02,-6.658483296632766724e-02,2.569530010223388672e-01,8.951597660779953003e-02,6.163319200277328491e-02,-2.502417564392089844e-01,5.156822130084037781e-02,2.895782142877578735e-02,-6.096615269780158997e-02,2.105529159307479858e-01,4.001054912805557251e-02,-1.126255095005035400e-01,7.774564623832702637e-02,2.872057072818279266e-02,9.216415137052536011e-02,1.025626063346862793e-01,3.919708728790283203e-02,-1.708227992057800293e-01
-2.423069775104522705e-01,-9.753034114837646484e-01,2.964721620082855225e-01,-1.702640764415264130e-02,-6.949533242732286453e-03,1.318885087966918945e-01,-1.612834483385086060e-01,-3.989308327436447144e-02,1.384772639721632004e-02,1.022333875298500061e-01,-1.031119748950004578e-01,-1.090498864650726318e-01,-5.854300037026405334e-02,2.179164998233318329e-02,-3.436169773340225220e-02,-5.423805862665176392e-02,7.957657426595687866e-02,1.016799807548522949e-01,1.550329476594924927e-01,1.575315147638320923e-01,1.186604574322700500e-01,-1.481544822454452515e-01,-1.198362410068511963e-01,-2.451353939250111580e-03,1.183122545480728149e-01,-1.054596453905105591e-01,-9.619174897670745850e-02,1.038281247019767761e-02,-2.900046110153198242e-02,5.946823395788669586e-03,-1.087092384696006775e-01,5.743594467639923096e-02,6.933388859033584595e-02,-4.112311080098152161e-02,4.995509237051010132e-02,2.217818424105644226e-02,-6.079878658056259155e-02,-8.002741634845733643e-02,1.131838634610176086e-01,1.210903972387313843e-01,-4.226267337799072266e-03,1.494100391864776611e-01,1.810804195702075958e-02,1.038095448166131973e-02,2.444590814411640167e-02,5.904979631304740906e-02,-5.562607198953628540e-02,1.943523883819580078e-01,-1.342170089483261108e-01,6.926298886537551880e-02,-2.523044347763061523e-01,1.200540270656347275e-02,-6.295955390669405460e-04,1.255569905042648315e-01,-3.782114088535308838e-01,5.414139851927757263e-02,3.334152698516845703e-02,1.142326518893241882e-01,-3.022537380456924438e-02,1.713884919881820679e-01,-9.519723057746887207e-02,1.784830004908144474e-03,-1.051955763250589371e-02,4.382800683379173279e-02,8.280347287654876709e-02,2.903535217046737671e-02,-2.740982472896575928e-01,-1.119899824261665344e-01,-5.728468298912048340e-02,3.854830190539360046e-02,-1.671629697084426880e-01,7.725504040718078613e-02,1.060816645622253418e-01,1.574582010507583618e-01,-2.307702600955963135e-01,1.674432605504989624e-01,1.419626921415328979e-02,5.168899148702621460e-02,1.503210812807083130e-01,-8.142440021038055420e-02,-1.571241319179534912e-01,-8.647457510232925415e-02,-2.708577811717987061e-01,-1.033437475562095642e-01,1.337626427412033081e-01,-1.667489856481552124e-02,8.665185421705245972e-03,-3.728659451007843018e-02,1.169851794838905334e-02,-1.291311979293823242e-01,-4.324299097061157227e-02,-1.229082271456718445e-01,1.384215056896209717e-01,1.193848326802253723e-01,6.955423951148986816e-02,-7.986839860677719116e-02,-2.165874689817428589e-01,7.388932257890701294e-02
7.919816672801971436e-02,9.879575967788696289e-01,9.610209614038467407e-03,2.086833491921424866e-02,7.249147444963455200e-02,1.848541647195816040e-01,-8.349848538637161255e-02,-2.448305338621139526e-01,1.104631833732128143e-02,-5.663619190454483032e-02,-1.621775627136230469e-01,1.732543408870697021e-01,1.116139143705368042e-01,3.313313052058219910e-02,2.329508401453495026e-02,-4.664063826203346252e-02,2.683019638061523438e-02,9.828262776136398315e-02,-2.904785610735416412e-02,1.143877208232879639e-01,3.694184124469757080e-02,-5.801996588706970215e-02,-2.775435149669647217e-01,-2.804217636585235596e-01,-1.230493038892745972e-01,-1.776989921927452087e-02,-1.991370022296905518e-01,8.835508674383163452e-02,1.023597866296768188e-01,6.349413841962814331e-02,4.901145026087760925e-02,-1.976082473993301392e-02,-2.002342641353607178e-01,-1.341529488563537598e-01,1.804005056619644165e-01,2.636296488344669342e-02,2.700982801616191864e-02,3.448084741830825806e-02,-1.142847985029220581e-01,4.899328202009201050e-02,3.662083297967910767e-02,-5.993106588721275330e-02,3.885832428932189941e-02,-4.975444450974464417e-02,2.262184172868728638e-01,1.288265734910964966e-01,2.765993773937225342e-02,1.402678638696670532e-01,-1.135691851377487183e-01,-1.660304889082908630e-02,3.110668435692787170e-02,-1.925068497657775879e-01,-2.247791178524494171e-02,-3.191431239247322083e-02,-6.233091931790113449e-03,8.032971620559692383e-02,-1.083570048213005066e-01,8.862823992967605591e-02,5.128411576151847839e-02,-2.859846651554107666e-01,3.184536471962928772e-02,-1.165990233421325684e-01,-1.302160173654556274e-01,-1.771855950355529785e-01,2.099130116403102875e-02,-1.102525889873504639e-01,-1.188358068466186523e-01,-1.498519629240036011e-01,-1.195740774273872375e-01,-5.895504355430603027e-01,-1.685927510261535645e-01,-1.324124336242675781e-01,-6.766537576913833618e-02,1.890806481242179871e-02,-4.252851381897926331e-02,2.602354586124420166e-01,1.334097683429718018e-01,1.653437875211238861e-02,1.092355251312255859e-01,-8.274823427200317383e-02,-6.258126348257064819e-02,-3.095317864790558815e-03,2.058041393756866455e-01,-2.732236087322235107e-01,1.733991317451000214e-02,-1.149636730551719666e-01,1.312066614627838135e-01,-1.107217073440551758e-01,-1.231826022267341614e-01,2.081729322671890259e-01,2.802093885838985443e-02,-2.562350034713745117e-01,1.523552387952804565e-01,-5.908109620213508606e-02,-3.768360614776611328e-01,-2.293671667575836182e-02,5.896472558379173279e-02,8.356466889381408691e-02
4.487928450107574463e-01,8.462975621223449707e-01,-1.129303947091102600e-01,-2.234938740730285645e-02,1.308277249336242676e-01,-7.048734929412603378e-03,-5.042160674929618835e-02,-9.659358114004135132e-02,1.883453503251075745e-02,5.809153243899345398e-02,-2.461799979209899902e-02,-1.443823277950286865e-01,-1.411966420710086823e-02,-3.833638727664947510e-01,8.244561403989791870e-02,5.121946334838867188e-02,-7.403352856636047363e-02,-3.432563543319702148e-01,-2.265613712370395660e-02,-1.062540635466575623e-01,4.472238197922706604e-02,1.343472152948379517e-01,-1.869637668132781982e-01,4.023097455501556396e-02,8.565632253885269165e-02,1.637193858623504639e-01,-1.549437195062637329e-01,-1.508930921554565430e-01,1.116487383842468262e-01,1.199794858694076538e-01,-1.007384210824966431e-01,-1.208648979663848877e-01,-3.170259892940521240e-01,1.077746674418449402e-01,-1.430467218160629272e-01,-6.763681024312973022e-02,2.005331069231033325e-01,-5.323110520839691162e-02,-9.175381064414978027e-02,-5.574068427085876465e-02,-1.667859219014644623e-02,-1.216257810592651367e-01,1.039814203977584839e-01,8.094046264886856079e-02,-9.450898505747318268e-03,4.168230667710304260e-02,-6.239504739642143250e-02,-4.362071305513381958e-02,6.103834509849548340e-02,-3.902937844395637512e-02,8.659964799880981445e-02,9.961950778961181641e-02,3.246731683611869812e-02,-9.417533874511718750e-03,1.319984998553991318e-02,2.029659748077392578e-01,6.424923241138458252e-02,4.551255702972412109e-02,-2.503036335110664368e-02,-9.823995083570480347e-02,-5.499232560396194458e-02,1.571204811334609985e-01,7.023987174034118652e-02,6.223706156015396118e-02,8.360400050878524780e-02,9.203308075666427612e-02,-2.065989673137664795e-01,1.605252623558044434e-01,2.775077521800994873e-02,-7.038693875074386597e-02,-9.161616861820220947e-02,1.016167849302291870e-01,6.974756717681884766e-03,-2.267093956470489502e-01,-7.521604001522064209e-02,3.593803569674491882e-02,-1.068487614393234253e-01,-1.524743586778640747e-01,-1.220482140779495239e-01,-8.020067214965820312e-02,-5.338418483734130859e-02,6.041051819920539856e-02,8.948324620723724365e-02,-8.208360522985458374e-02,7.849638350307941437e-03,-7.810188084840774536e-02,1.984230726957321167e-01,-2.677589952945709229e-01,1.772779822349548340e-01,-1.916640698909759521e-01,1.243937667459249496e-02,5.751559883356094360e-02,-2.744905650615692139e-02,-3.771150857210159302e-02,3.788085281848907471e-02,-1.983864903450012207e-01,-7.083841413259506226e-02,4.097436740994453430e-02
-3.185379803180694580e-01,-2.915363013744354248e-01,-1.783056408166885376e-01,4.942525550723075867e-02,1.035619750618934631e-01,2.412678748369216919e-01,8.996645919978618622e-03,1.350193051621317863e-03,1.577644944190979004e-01,2.579473890364170074e-02,-1.628010720014572144e-01,-1.214559152722358704e-01,1.012716516852378845e-01,9.546153992414474487e-02,1.977634616196155548e-02,-3.965865820646286011e-02,1.895546317100524902e-01,7.820554077625274658e-02,-2.148907929658889771e-01,-4.702895879745483398e-02,4.966184496879577637e-02,-2.591051533818244934e-02,1.385575979948043823e-01,1.931728124618530273e-01,-2.890834584832191467e-02,-9.612875059247016907e-03,-1.550684273242950439e-01,-2.610875368118286133e-01,-9.005224704742431641e-02,5.889199674129486084e-02,-7.736185193061828613e-02,-1.132363006472587585e-01,2.672524936497211456e-02,4.456946626305580139e-02,9.196966141462326050e-02,9.072282165288925171e-02,-4.389940202236175537e-02,8.439242839813232422e-02,-5.707593634724617004e-02,-1.536576002836227417e-01,5.440117791295051575e-02,1.478600054979324341e-01,6.563782691955566406e-02,-1.495308242738246918e-02,-1.293609738349914551e-01,5.851880460977554321e-02,-3.125879913568496704e-02,1.080046296119689941e-01,-1.300525292754173279e-02,2.794085070490837097e-02,6.282109767198562622e-02,1.266109198331832886e-01,1.125161349773406982e-02,-4.653398692607879639e-02,-2.305803596973419189e-01,4.433226305991411209e-03,-3.927949443459510803e-02,1.723983883857727051e-02,1.010184958577156067e-01,-4.012853279709815979e-02,1.465601027011871338e-01,7.444218499585986137e-04,7.420887239277362823e-03,-2.061648666858673096e-02,3.870960697531700134e-02,-3.274177759885787964e-02,-5.749839823693037033e-03,-1.019395589828491211e-01,-8.608867414295673370e-03,-8.320701122283935547e-02,-5.208175256848335266e-02,-4.857968538999557495e-02,7.639943808317184448e-02,-2.742015570402145386e-02,-1.978910863399505615e-01,-8.665633946657180786e-02,-1.773932389914989471e-02,-1.749970577657222748e-02,1.205508634448051453e-01,-1.922461837530136108e-01,1.998662576079368591e-02,9.453549981117248535e-02,-3.708808869123458862e-02,9.311257861554622650e-03,1.361079961061477661e-01,-4.154402017593383789e-02,-3.013863265514373779e-01,3.692497313022613525e-02,5.427147075533866882e-02,-2.707333303987979889e-02,1.531852334737777710e-01,-6.981055717915296555e-03,-1.449772268533706665e-01,-7.976441830396652222e-02,-5.407641641795635223e-03,-5.623434484004974365e-02,-4.222054183483123779e-01,1.392990350723266602e-01
2.028366327285766602e-01,-4.408068954944610596e-01,3.652441874146461487e-02,-9.810826182365417480e-02,-2.202990055084228516e-01,-3.313463926315307617e-02,-9.969493374228477478e-03,-1.121466383337974548e-01,-6.100554391741752625e-02,1.745342463254928589e-02,-1.293079853057861328e-01,1.179156918078660965e-02,-1.945865601301193237e-01,-2.685757167637348175e-02,5.946676060557365417e-02,1.166204214096069336e-01,-2.317114360630512238e-02,-2.405183389782905579e-02,1.440801769495010376e-01,7.136211544275283813e-02,7.049545645713806152e-02,-8.474227041006088257e-02,7.690940797328948975e-02,-3.130429983139038086e-01,1.402207911014556885e-01,-7.514064759016036987e-02,-3.649640083312988281e-01,1.839233040809631348e-01,9.039913862943649292e-02,1.081582680344581604e-01,-8.352228254079818726e-02,1.152147259563207626e-02,4.475549235939979553e-02,-3.933878615498542786e-02,-6.903254240751266479e-02,-2.214981913566589355e-01,-9.703746438026428223e-02,-9.702627360820770264e-02,5.333108082413673401e-02,9.309106320142745972e-02,-5.363031849265098572e-02,2.477413788437843323e-02,-1.935732066631317139e-01,7.475633174180984497e-02,1.926800161600112915e-01,1.677199266850948334e-02,-1.518530249595642090e-01,-1.082267910242080688e-01,-7.437275350093841553e-02,-2.790002822875976562e-01,-3.730497509241104126e-02,8.403945714235305786e-02,1.083694323897361755e-01,-1.471344977617263794e-01,-2.348264455795288086e-01,1.069316640496253967e-01,4.254632070660591125e-02,1.426635384559631348e-01,-1.178411617875099182e-01,-1.125929132103919983e-01,1.787876710295677185e-02,-3.122800290584564209e-01,6.315321475267410278e-02,-1.585271582007408142e-02,3.716891631484031677e-02,1.112948358058929443e-01,5.547846853733062744e-02,6.427060067653656006e-02,-1.933650374412536621e-01,-1.424469351768493652e-01,-3.964030370116233826e-02,-3.472500145435333252e-01,-1.763997822999954224e-01,-9.523199498653411865e-02,-2.266753464937210083e-01,2.612183056771755219e-02,1.744226925075054169e-02,-9.176550805568695068e-02,1.052183564752340317e-02,-2.612685561180114746e-01,1.829802393913269043e-01,4.844123870134353638e-02,-1.833174563944339752e-02,-3.946864232420921326e-02,-2.807414159178733826e-02,-1.007413268089294434e-01,-2.738778591156005859e-01,-1.040036827325820923e-01,1.555055938661098480e-02,-4.506527632474899292e-02,-3.523984253406524658e-01,3.027884103357791901e-02,-9.462653100490570068e-02,5.320885404944419861e-02,1.683693379163742065e-01,-2.378127127885818481e-01,-1.907157152891159058e-01,-1.551158912479877472e-02
-9.472177624702453613e-01,6.063248515129089355e-01,9.389772079885005951e-03,-9.800878912210464478e-02,1.143713817000389099e-01,-8.888946473598480225e-02,2.575493045151233673e-02,3.582817036658525467e-03,2.386354096233844757e-02,8.014854043722152710e-02,-1.520187556743621826e-01,-1.897128485143184662e-02,8.501232415437698364e-02,1.554310917854309082e-01,-1.627752333879470825e-01,-6.114366278052330017e-02,8.834102004766464233e-02,-5.371168628334999084e-02,-1.675917953252792358e-01,-8.975636214017868042e-02,-9.906125813722610474e-02,3.922359272837638855e-02,3.519017249345779419e-03,-1.491448283195495605e-02,1.566458791494369507e-01,-1.357968896627426147e-02,9.199592471122741699e-02,1.048573702573776245e-01,5.396603047847747803e-02,1.638273522257804871e-02,1.224586293101310730e-01,-3.432046622037887573e-02,-1.150538101792335510e-01,4.899059981107711792e-02,7.524093240499496460e-02,-1.054411102086305618e-02,7.616175711154937744e-02,1.862859912216663361e-02,-9.769801050424575806e-02,1.089229583740234375e-01,-1.852307170629501343e-01,-2.435033582150936127e-02,9.898836910724639893e-02,-7.847998291254043579e-02,6.034213677048683167e-02,-2.369729727506637573e-01,1.336967796087265015e-01,-8.566829492338001728e-04,1.628191620111465454e-01,-2.183977812528610229e-01,-2.021402418613433838e-01,1.585966646671295166e-01,8.745343983173370361e-02,5.089718848466873169e-02,3.915597870945930481e-02,-1.500920206308364868e-01,-1.074022576212882996e-01,-6.944944709539413452e-02,5.882003530859947205e-02,-6.144224479794502258e-02,-5.215092003345489502e-02,-6.452254951000213623e-02,1.109668519347906113e-02,4.469883441925048828e-02,-2.201969362795352936e-02,4.944093525409698486e-02,-1.291363537311553955e-01,-1.399408429861068726e-01,-7.501915097236633301e-02,-2.248319564387202263e-03,4.435292631387710571e-02,2.048008330166339874e-02,6.460883468389511108e-02,3.850552067160606384e-02,8.832143619656562805e-03,-1.281097531318664551e-01,-1.414978653192520142e-01,1.642034649848937988e-01,-2.615821175277233124e-02,-3.516822680830955505e-02,6.367702782154083252e-02,-1.743980348110198975e-01,1.706675440073013306e-02,-1.111980676651000977e-01,-2.307052724063396454e-02,-1.866753399372100830e-02,5.567403510212898254e-02,-5.007481202483177185e-02,-9.562742710113525391e-02,2.759792283177375793e-02,4.900624044239521027e-04,4.673274233937263489e-02,-5.985011160373687744e-02,-1.128731966018676758e-01,5.178595706820487976e-02,-3.084700182080268860e-02,-1.184756532311439514e-01,6.075805798172950745e-02
-1.435184776782989502e-01,2.835082709789276123e-01,-5.818855389952659607e-02,1.333396285772323608e-01,1.277817785739898682e-02,1.118577718734741211e-01,-1.653259843587875366e-01,-2.266456037759780884e-01,1.246316954493522644e-01,-2.069224137812852859e-03,1.183245629072189331e-01,5.682037770748138428e-02,-1.045407727360725403e-01,2.962546609342098236e-02,-8.695506304502487183e-02,9.428763389587402344e-02,-1.674174889922142029e-02,1.432231515645980835e-01,-6.347806006669998169e-02,-1.052603498101234436e-02,1.928448528051376343e-01,2.140937745571136475e-01,-1.555896997451782227e-01,-2.400379627943038940e-01,1.100840345025062561e-01,1.678847968578338623e-01,4.414612054824829102e-02,1.449692845344543457e-01,7.091564685106277466e-02,-8.785498794168233871e-04,-6.906005740165710449e-02,2.185644060373306274e-01,-8.455783873796463013e-02,2.204568125307559967e-02,6.103452667593955994e-02,-1.557682156562805176e-01,3.153501451015472412e-01,-1.834011673927307129e-01,-4.880144074559211731e-02,1.557342708110809326e-01,9.761408716440200806e-02,8.343154937028884888e-02,1.009686850011348724e-02,2.706131339073181152e-02,-5.342317745089530945e-02,-2.061300724744796753e-02,-1.169063616544008255e-02,-1.066934242844581604e-01,6.770759075880050659e-02,-6.135850027203559875e-02,-7.422329485416412354e-02,-1.353742480278015137e-01,5.581890419125556946e-02,-1.295716152526438236e-03,-6.139438971877098083e-02,-6.439816951751708984e-02,-6.189104542136192322e-02,1.160643529146909714e-02,1.454232782125473022e-01,-2.942158654332160950e-02,5.201053991913795471e-02,-1.562737487256526947e-02,-1.015714928507804871e-02,-7.860266417264938354e-02,5.090229585766792297e-02,-4.626997746527194977e-03,9.569498710334300995e-03,2.091637626290321350e-02,1.810480356216430664e-01,-2.543199658393859863e-01,-1.502671092748641968e-01,-3.675274923443794250e-02,-4.499836266040802002e-02,3.875885531306266785e-02,4.445507377386093140e-02,1.817491799592971802e-01,1.591306924819946289e-01,-1.092238798737525940e-01,-2.517108246684074402e-02,7.745764683932065964e-03,-2.464238852262496948e-01,3.427790701389312744e-01,-8.490011096000671387e-02,-8.247672021389007568e-02,-1.072361990809440613e-01,-2.068590931594371796e-02,-6.196150928735733032e-02,6.735385954380035400e-02,-1.435652971267700195e-01,6.465462595224380493e-02,3.544257208704948425e-02,-1.100718006491661072e-01,2.340703904628753662e-01,-9.856765158474445343e-03,-1.108768731355667114e-01,-2.297950685024261475e-01,-2.236060947179794312e-01,-1.673201173543930054e-01
-1.471259444952011108e-01,-9.944714605808258057e-02,7.373664528131484985e-03,-7.644450664520263672e-02,4.779010266065597534e-02,4.327469691634178162e-02,-2.939680516719818115e-01,2.361514270305633545e-01,1.227897107601165771e-01,-9.503153152763843536e-03,1.301194429397583008e-01,2.190572209656238556e-02,-1.477518230676651001e-01,7.518960162997245789e-03,5.172920599579811096e-02,1.019600033760070801e-01,8.483140915632247925e-02,7.404226064682006836e-02,-1.147841755300760269e-02,1.646986417472362518e-02,-1.243631839752197266e-01,-7.242939621210098267e-02,9.548576921224594116e-02,2.436125576496124268e-01,4.997295141220092773e-02,1.681696064770221710e-02,-2.126397332176566124e-03,7.795436680316925049e-02,-9.629365056753158569e-02,9.087818861007690430e-02,1.308670192956924438e-01,-1.516979783773422241e-01,-3.986753150820732117e-02,5.116932466626167297e-02,-7.619947940111160278e-02,-3.868716955184936523e-02,4.260588437318801880e-02,-7.909469306468963623e-03,-1.922669075429439545e-02,1.453399658203125000e-01,8.924960345029830933e-02,-3.189612627029418945e-01,8.824614435434341431e-02,1.311901956796646118e-01,-9.264817088842391968e-02,8.728849142789840698e-02,-3.939702361822128296e-02,2.253995239734649658e-01,1.290255635976791382e-01,-3.448954224586486816e-01,-1.211494281888008118e-01,-1.255423277616500854e-01,1.347241401672363281e-01,-1.017347425222396851e-01,-5.547308921813964844e-02,-4.539667814970016479e-02,1.171737238764762878e-01,2.208508402109146118e-01,1.045051664113998413e-01,2.511549741029739380e-02,-5.505752936005592346e-02,6.138885021209716797e-02,-3.178359195590019226e-02,2.031951248645782471e-01,-3.683639317750930786e-02,-3.683849051594734192e-02,3.330822661519050598e-02,1.044098511338233948e-01,-1.249840781092643738e-01,-6.774146854877471924e-02,-7.968593388795852661e-03,-8.002272993326187134e-02,-2.155845910310745239e-01,-6.425107270479202271e-02,-1.226476654410362244e-01,1.078418195247650146e-01,-1.475796997547149658e-01,1.724761724472045898e-02,5.185170844197273254e-02,-2.275287732481956482e-02,1.248760968446731567e-01,2.258641570806503296e-01,1.273875981569290161e-01,2.263835817575454712e-02,-1.907549649477005005e-01,-1.775934249162673950e-01,-8.514992147684097290e-02,-2.766027450561523438e-01,-2.966550886631011963e-01,-3.224104642868041992e-01,-1.530533283948898315e-02,5.635101348161697388e-02,-9.427251666784286499e-02,6.741878390312194824e-02,4.041362553834915161e-02,1.010987609624862671e-01,-2.264973707497119904e-02,-1.071695461869239807e-01
-8.016755431890487671e-02,9.361977577209472656e-01,4.888925328850746155e-02,6.838202476501464844e-02,-6.766597181558609009e-02,-3.321455717086791992e-01,4.586745053529739380e-02,2.468645758926868439e-02,1.686808913946151733e-01,7.151724398136138916e-02,-1.493844240903854370e-01,-1.815225481986999512e-01,-6.494075991213321686e-03,2.939796820282936096e-02,4.077707231044769287e-02,3.152042627334594727e-02,-7.739003002643585205e-02,3.799127414822578430e-02,-5.448906496167182922e-02,9.407754987478256226e-02,-4.250073805451393127e-02,-2.982216775417327881e-01,-7.093221694231033325e-02,-1.924972981214523315e-01,-2.682732343673706055e-01,-6.822601705789566040e-02,2.048787921667098999e-01,-9.906579554080963135e-02,5.747228488326072693e-02,-8.682208508253097534e-02,1.099357381463050842e-01,-6.440094113349914551e-02,-1.281467378139495850e-01,7.672926038503646851e-02,7.130889594554901123e-02,1.000894457101821899e-01,1.672033816576004028e-01,-4.776693880558013916e-02,3.185242414474487305e-01,-2.517916858196258545e-01,-5.204825662076473236e-03,-6.257151067256927490e-02,-2.070005238056182861e-02,-2.913808822631835938e-02,-2.283877134323120117e-01,-8.992331475019454956e-02,4.826191812753677368e-02,-2.451663911342620850e-01,-1.617304421961307526e-02,3.051118552684783936e-02,7.285137474536895752e-02,-1.285922974348068237e-01,1.429630517959594727e-01,-3.816386312246322632e-02,1.735377125442028046e-02,-1.336331367492675781e-01,9.521813690662384033e-02,-6.998352706432342529e-02,-3.910343721508979797e-02,-7.960201054811477661e-02,-1.935706287622451782e-01,3.080099262297153473e-02,8.530388772487640381e-02,8.502432145178318024e-03,8.275735378265380859e-02,-8.402552455663681030e-02,-2.530921995639801025e-01,-2.604286074638366699e-01,9.404598176479339600e-02,-1.097192093729972839e-01,1.020991280674934387e-01,-1.249008700251579285e-01,-1.329044550657272339e-01,-8.675546385347843170e-03,1.360234171152114868e-01,-1.037342101335525513e-01,2.721964120864868164e-01,-3.069208562374114990e-01,9.126328676939010620e-02,-8.697784692049026489e-02,-1.170364245772361755e-01,-1.835544556379318237e-01,4.414643719792366028e-02,9.071875363588333130e-02,9.359694272279739380e-02,4.218956083059310913e-02,2.787487581372261047e-02,6.811150163412094116e-02,-5.789906531572341919e-02,6.573688238859176636e-02,2.584408409893512726e-02,-4.051702097058296204e-03,-8.187900483608245850e-02,1.383660584688186646e-01,-1.028934046626091003e-01,-1.560888718813657761e-03,2.343271858990192413e-02,-4.844710975885391235e-02
-4.074522256851196289e-01,4.423668086528778076e-01,-4.054448753595352173e-02,1.509472727775573730e-01,5.716831609606742859e-02,-1.485566645860671997e-01,-5.962292104959487915e-02,-3.999203443527221680e-02,-2.026426419615745544e-02,9.753245115280151367e-02,7.129886001348495483e-02,-2.137476503849029541e-01,2.647424861788749695e-02,7.478944957256317139e-02,8.305909484624862671e-02,6.891920417547225952e-02,1.079738065600395203e-01,4.443616047501564026e-02,2.410938777029514313e-02,-1.167142484337091446e-02,9.535120427608489990e-02,-2.718257531523704529e-02,-3.710203245282173157e-02,1.533042490482330322e-01,-2.524778619408607483e-02,-1.098436340689659119e-01,-7.324337027966976166e-03,-7.179611176252365112e-02,-5.456203594803810120e-02,-7.532661408185958862e-02,1.421595215797424316e-01,-1.064973324537277222e-01,-1.668067574501037598e-01,-1.683837622404098511e-01,5.442948266863822937e-02,-1.866921782493591309e-02,-1.543433219194412231e-01,2.076948434114456177e-01,-5.550893023610115051e-02,1.015539318323135376e-01,1.834595501422882080e-01,3.209102526307106018e-02,-6.947617977857589722e-02,2.164583504199981689e-01,6.026558578014373779e-02,-1.872873678803443909e-02,4.496512934565544128e-02,1.172483935952186584e-01,-1.594495624303817749e-01,-1.311970800161361694e-01,8.950336277484893799e-02,-7.185724377632141113e-02,-2.086527273058891296e-02,-2.913466095924377441e-02,1.638855487108230591e-01,-6.112184002995491028e-02,1.030981764197349548e-01,-1.837206035852432251e-01,-1.529122237116098404e-02,-3.162424312904477119e-03,-4.112414270639419556e-02,-1.065807342529296875e-01,-3.205274417996406555e-02,3.799699246883392334e-03,-9.484684467315673828e-02,-3.059282340109348297e-02,-8.856424130499362946e-03,-6.281165778636932373e-02,7.131235301494598389e-02,-5.219707265496253967e-03,-1.327752619981765747e-01,2.304906398057937622e-01,5.241626501083374023e-02,-6.095276027917861938e-02,-2.154145203530788422e-02,-7.677375525236129761e-02,-1.283826529979705811e-01,-1.313614100217819214e-01,-2.973796986043453217e-02,1.222189217805862427e-01,-2.270970121026039124e-02,-4.211762547492980957e-02,7.696590037085115910e-04,-1.847135722637176514e-01,-1.104288622736930847e-01,-8.273740857839584351e-02,-1.654634922742843628e-01,3.082663938403129578e-02,-7.973485440015792847e-02,7.478678971529006958e-02,-4.047837853431701660e-02,-1.261631846427917480e-01,-1.071725338697433472e-01,-5.001790449023246765e-02,-5.089081078767776489e-02,-5.890430882573127747e-02,-1.086277961730957031e-01,-4.287513345479965210e-02
-5.149354934692382812e-01,2.780019342899322510e-01,2.695487141609191895e-01,4.515651613473892212e-03,-4.797545820474624634e-02,1.038927212357521057e-01,1.603641659021377563e-01,-3.193424344062805176e-01,5.883859097957611084e-02,-2.136831134557723999e-01,-2.451140061020851135e-02,-3.783155977725982666e-01,-2.791319787502288818e-01,5.452728644013404846e-02,-3.510655462741851807e-02,2.590802311897277832e-01,-1.110811904072761536e-02,-2.539237141609191895e-01,-8.725401759147644043e-02,1.171640679240226746e-01,1.263898164033889771e-01,1.285012662410736084e-01,1.287322789430618286e-01,-1.063490137457847595e-01,1.611673533916473389e-01,6.070636212825775146e-02,4.665565490722656250e-02,3.694684803485870361e-02,2.520492300391197205e-02,1.160923838615417480e-01,-1.431882679462432861e-01,-2.045115828514099121e-01,-5.766768753528594971e-02,-1.087021157145500183e-01,-9.182857722043991089e-02,2.044778764247894287e-01,-7.121216505765914917e-02,2.573193013668060303e-01,3.459313884377479553e-02,5.782848969101905823e-02,-4.563638865947723389e-01,-5.089178681373596191e-02,-1.906381100416183472e-01,-1.351763214915990829e-02,9.916758537292480469e-02,6.841081380844116211e-02,-1.163695082068443298e-01,6.944730132818222046e-02,-4.969260096549987793e-02,-3.092082440853118896e-01,1.253117457963526249e-03,2.410468161106109619e-01,3.218027949333190918e-01,1.330792605876922607e-01,-1.494891643524169922e-01,-1.260841488838195801e-01,-3.372217342257499695e-02,1.845872588455677032e-02,-5.177625268697738647e-02,1.106182038784027100e-01,-6.822091341018676758e-02,-1.672911494970321655e-01,-1.886042207479476929e-02,1.416324973106384277e-01,1.128634363412857056e-01,1.980850100517272949e-02,-1.165750026702880859e-01,1.489382889121770859e-02,2.889980077743530273e-01,-9.820926934480667114e-02,-3.433330953121185303e-01,-9.604264795780181885e-02,6.329188495874404907e-02,6.332274526357650757e-02,-6.325497478246688843e-02,1.947632431983947754e-01,-5.999743938446044922e-02,3.365847095847129822e-02,-8.110108785331249237e-03,-2.463829815387725830e-01,-2.670958265662193298e-02,-1.190793737769126892e-01,-9.666528552770614624e-02,-2.332189381122589111e-01,4.903196915984153748e-02,-2.756838500499725342e-01,-2.318984717130661011e-01,-1.279686670750379562e-02,-7.073292136192321777e-02,7.955361157655715942e-02,3.539330512285232544e-02,-1.371663361787796021e-01,1.718825697898864746e-01,-2.019820958375930786e-01,-6.240475550293922424e-02,4.262909293174743652e-02,-7.593704760074615479e-02,1.900623142719268799e-01
-4.793239533901214600e-01,4.871226102113723755e-02,7.819508016109466553e-02,-1.488251984119415283e-01,-9.516008198261260986e-02,-1.846333146095275879e-01,1.594820022583007812e-01,2.115988731384277344e-01,-3.660620152950286865e-01,2.120847441256046295e-02,-1.405560523271560669e-01,1.588112562894821167e-01,-4.515177384018898010e-02,8.105110377073287964e-02,-1.343168914318084717e-01,6.422814726829528809e-02,-6.210953369736671448e-02,1.122726425528526306e-01,-4.151725396513938904e-02,3.543585538864135742e-02,2.311130762100219727e-01,-4.738207533955574036e-02,1.290631890296936035e-01,9.617014974355697632e-02,-1.103545874357223511e-01,2.808684110641479492e-02,-5.302659422159194946e-02,-1.361381411552429199e-01,-8.784136176109313965e-02,-2.475450038909912109e-01,4.809345304965972900e-02,-1.829085648059844971e-01,8.269832283258438110e-02,-1.885738819837570190e-01,-5.778403207659721375e-02,9.042151272296905518e-02,-6.931175291538238525e-02,7.068656384944915771e-02,9.048704057931900024e-02,1.017243936657905579e-01,8.435767143964767456e-02,-2.545915842056274414e-01,-3.364808112382888794e-02,-1.994177103042602539e-01,1.954127997159957886e-01,-1.505425572395324707e-01,8.935230784118175507e-03,-2.635423243045806885e-01,-5.089241266250610352e-02,3.234188854694366455e-01,2.550900727510452271e-02,5.050270259380340576e-02,8.124744892120361328e-02,1.896181851625442505e-01,-2.400152571499347687e-02,-8.625858277082443237e-02,-8.073940128087997437e-02,2.704189158976078033e-02,-1.893171817064285278e-01,-2.290128767490386963e-01,1.426832526922225952e-01,1.162137761712074280e-01,4.614089429378509521e-02,-1.308701634407043457e-01,1.432754099369049072e-01,-3.133196383714675903e-02,-1.506730318069458008e-01,1.664557494223117828e-02,5.331803113222122192e-02,-1.466183960437774658e-01,9.231288731098175049e-02,1.583246886730194092e-01,2.604728192090988159e-02,-1.297074854373931885e-01,-7.182749360799789429e-02,5.491315945982933044e-02,-1.135202683508396149e-02,-2.575809359550476074e-01,-2.857553772628307343e-04,-4.757229611277580261e-02,-1.121415868401527405e-01,-2.062301933765411377e-01,2.679437100887298584e-01,-2.389069795608520508e-01,6.356047838926315308e-02,1.263931691646575928e-01,-8.164305984973907471e-02,-1.184244230389595032e-01,-2.230522483587265015e-01,3.642360493540763855e-02,1.488220784813165665e-02,1.001988351345062256e-01,-6.827179342508316040e-02,-4.263059049844741821e-02,1.968364417552947998e-01,6.884884089231491089e-02,1.185932159423828125e-01,-1.764424517750740051e-02
6.941755115985870361e-02,-1.340113282203674316e+00,8.936880528926849365e-02,4.938519001007080078e-02,2.054587006568908691e-02,1.959939301013946533e-01,1.611420512199401855e-01,4.836402088403701782e-02,-2.754289470613002777e-02,-7.530727982521057129e-02,-3.540150448679924011e-02,3.871789202094078064e-02,1.988499164581298828e-01,1.783580183982849121e-01,1.603900268673896790e-02,9.658051282167434692e-02,2.325474843382835388e-02,-2.281776815652847290e-01,-2.057739906013011932e-02,1.685672402381896973e-01,-5.278493743389844894e-03,1.498046424239873886e-02,-8.023745566606521606e-02,-4.395364783704280853e-03,4.645023867487907410e-02,-2.908417955040931702e-02,-1.486447602510452271e-01,-1.096999049186706543e-01,-1.715922355651855469e-01,-1.735841110348701477e-02,-2.310348153114318848e-01,1.370749324560165405e-01,-8.737111836671829224e-02,-3.097054921090602875e-02,-4.581740126013755798e-02,5.996813997626304626e-03,9.217040985822677612e-02,-7.874022424221038818e-02,-6.484656780958175659e-02,-1.064639436663128436e-04,4.850758239626884460e-02,6.162653211504220963e-03,-1.352519989013671875e-01,5.213665310293436050e-03,6.011144723743200302e-04,8.234684914350509644e-02,-4.165836423635482788e-02,-7.792606949806213379e-02,5.463011190295219421e-02,1.284097670577466488e-03,1.394318193197250366e-01,2.760569937527179718e-02,1.141331717371940613e-01,-6.761863082647323608e-02,2.814321219921112061e-01,-9.269053488969802856e-02,2.516117990016937256e-01,7.998538203537464142e-03,-2.409864366054534912e-01,-2.816408574581146240e-01,1.551210880279541016e-01,-2.358646132051944733e-02,4.734325688332319260e-03,5.976495519280433655e-02,2.089048922061920166e-02,-8.020093291997909546e-02,5.630128830671310425e-02,4.263663664460182190e-02,5.786885321140289307e-02,1.949080973863601685e-01,6.031645834445953369e-02,-4.361943155527114868e-02,-3.617245554924011230e-01,5.117861554026603699e-03,9.634749591350555420e-02,2.086354419589042664e-02,-2.253150641918182373e-01,-3.517334535717964172e-02,3.294378891587257385e-02,2.244546264410018921e-02,-1.922340840101242065e-01,1.599569171667098999e-01,5.212567374110221863e-02,7.341937720775604248e-02,-1.123128682374954224e-01,2.259077690541744232e-02,8.711076527833938599e-02,1.958635598421096802e-01,-8.256720378994941711e-03,-3.197332024574279785e-01,2.485998719930648804e-02,1.774390973150730133e-02,-6.770506501197814941e-02,-1.105957478284835815e-01,-2.330083847045898438e-01,-5.487276986241340637e-02,8.387061208486557007e-02,-1.101744174957275391e-01
-5.851571559906005859e-01,-1.145641446113586426e+00,2.639834582805633545e-01,5.224144086241722107e-03,-3.118297457695007324e-02,-1.200883686542510986e-01,-3.177556768059730530e-02,4.873647913336753845e-02,5.837908014655113220e-02,3.898343816399574280e-02,-1.056971848011016846e-01,1.018087789416313171e-01,-7.146340794861316681e-03,-7.715255022048950195e-02,-1.777162104845046997e-01,-3.756670653820037842e-02,-2.604259736835956573e-02,-7.405874133110046387e-02,7.173099368810653687e-02,1.060075759887695312e-01,-2.201910018920898438e-01,-2.605566382408142090e-01,-1.681121587753295898e-01,4.727943986654281616e-02,-7.612974941730499268e-02,6.686812639236450195e-02,5.470316484570503235e-02,-5.510618537664413452e-02,3.217536211013793945e-02,4.203349351882934570e-02,3.907971456646919250e-02,9.867874532938003540e-02,1.405143551528453827e-02,7.746187597513198853e-02,-4.070742987096309662e-03,-1.316307634115219116e-01,1.985911577939987183e-01,-8.965661376714706421e-02,1.997819542884826660e-01,-9.824579209089279175e-02,-1.713845878839492798e-01,4.531822726130485535e-02,-5.185722187161445618e-02,-1.532441079616546631e-01,-1.006424352526664734e-01,-1.904832571744918823e-02,5.950062721967697144e-02,-1.322491466999053955e-01,-1.956500299274921417e-02,-1.058220043778419495e-01,-2.658137492835521698e-02,-1.250145882368087769e-01,-1.025178208947181702e-01,1.086606457829475403e-02,-6.352134793996810913e-02,-2.383546717464923859e-02,-1.855176128447055817e-02,2.573753148317337036e-02,5.401747301220893860e-02,-7.199642062187194824e-02,6.444026529788970947e-02,1.012600585818290710e-02,-4.432943835854530334e-02,1.686817267909646034e-03,-1.604379713535308838e-02,7.018529623746871948e-02,9.381523355841636658e-03,5.289011076092720032e-02,-8.188985288143157959e-02,-3.486581379547715187e-03,-4.402248561382293701e-02,-3.262215554714202881e-01,6.372317671775817871e-02,-3.080622479319572449e-02,-7.800929993391036987e-02,8.721526712179183960e-02,1.193472519516944885e-01,-2.396036237478256226e-01,-2.255867607891559601e-02,5.087137967348098755e-02,3.065622039139270782e-02,-1.220684405416250229e-02,6.159624084830284119e-02,-1.224522292613983154e-01,1.249173283576965332e-01,-1.572479121387004852e-02,-6.223588064312934875e-02,8.111868798732757568e-02,-9.274206310510635376e-02,-2.593309059739112854e-02,-1.194133311510086060e-01,-9.548240900039672852e-02,-4.349894821643829346e-03,-1.382576674222946167e-01,1.552189234644174576e-02,2.311016768217086792e-01,-3.268096223473548889e-02,8.353529870510101318e-02
-1.398408710956573486e-01,5.940927863121032715e-01,9.301488846540451050e-02,2.623248286545276642e-02,2.338610291481018066e-01,-1.962261646986007690e-01,-7.329715043306350708e-02,4.001457616686820984e-02,-1.272419244050979614e-01,-1.139693185687065125e-01,1.204065978527069092e-01,-3.901962190866470337e-03,-8.349049091339111328e-02,-7.755310833454132080e-02,1.603163219988346100e-02,3.168595209717750549e-02,-1.500122547149658203e-01,-4.492091387510299683e-02,-2.301840186119079590e-01,6.057065352797508240e-02,4.690235853195190430e-02,1.664407402276992798e-01,-1.103248596191406250e-01,6.525018066167831421e-02,9.934985078871250153e-03,-1.451635360717773438e-01,7.307851314544677734e-02,-1.040612459182739258e-01,1.119718179106712341e-01,5.591802299022674561e-02,-8.937868475914001465e-02,-8.373551070690155029e-02,4.000632837414741516e-02,1.185223162174224854e-01,-2.150092124938964844e-01,-4.559313505887985229e-02,-7.417045533657073975e-02,6.756436079740524292e-03,6.816943734884262085e-02,5.137411411851644516e-03,-1.951933950185775757e-01,4.846122860908508301e-02,6.169540435075759888e-02,-3.456364572048187256e-02,3.804823756217956543e-02,-1.881732232868671417e-02,8.547502756118774414e-02,-6.536221504211425781e-02,-9.233874082565307617e-02,-1.440598517656326294e-01,-3.003089129924774170e-02,-1.238494589924812317e-01,-9.514269977807998657e-02,-3.384530171751976013e-02,-6.108759343624114990e-02,-1.808108389377593994e-02,2.883119974285364151e-03,-5.542576313018798828e-02,4.515497758984565735e-02,-4.474926888942718506e-01,-3.073909133672714233e-02,-1.801571249961853027e-02,-9.150612354278564453e-02,-6.389487534761428833e-02,3.502424806356430054e-03,-6.562378257513046265e-02,6.623002886772155762e-02,1.712659299373626709e-01,1.102754920721054077e-01,-1.893409192562103271e-01,-3.157445788383483887e-01,-1.859462261199951172e-02,1.505219191312789917e-01,5.444457288831472397e-03,-2.937868470326066017e-03,3.685436770319938660e-02,-1.066978424787521362e-01,-9.807105362415313721e-02,-1.463973075151443481e-01,-1.420329660177230835e-01,-4.422419704496860504e-03,-1.575444787740707397e-01,-4.303872585296630859e-02,1.428073365241289139e-02,1.018861960619688034e-02,7.184523344039916992e-02,1.776679046452045441e-02,-8.853697776794433594e-02,5.133208632469177246e-02,1.032917648553848267e-01,5.322106927633285522e-02,1.006717309355735779e-01,-3.165931403636932373e-01,5.602602660655975342e-02,-1.712246090173721313e-01,1.520612835884094238e-01,9.625081717967987061e-02,3.264203295111656189e-02
2.641792893409729004e-01,5.153754949569702148e-01,4.898997023701667786e-02,9.166734665632247925e-02,-4.721779841929674149e-03,8.561784774065017700e-02,4.531084094196557999e-03,9.479942172765731812e-02,-1.322229802608489990e-01,1.436891406774520874e-01,9.027600288391113281e-02,3.692996129393577576e-02,-5.854217451997101307e-04,-1.839923411607742310e-01,-3.874552994966506958e-02,1.039789244532585144e-01,8.440831303596496582e-02,-4.426031187176704407e-02,2.205636166036128998e-02,-1.063278168439865112e-01,-4.288726300001144409e-02,1.071574538946151733e-01,5.785790085792541504e-02,-5.561080947518348694e-02,-3.440017625689506531e-02,-6.770502775907516479e-02,4.623393341898918152e-02,-2.451584190130233765e-01,-9.223812073469161987e-02,-9.908998012542724609e-02,2.269270643591880798e-02,1.284677833318710327e-01,-1.350569166243076324e-02,-8.604178437963128090e-04,-1.747149676084518433e-01,1.110636144876480103e-01,-4.946545511484146118e-02,-8.273055404424667358e-02,1.655862629413604736e-01,4.505770280957221985e-02,-6.593777332454919815e-03,-1.550069749355316162e-01,6.100339442491531372e-02,-1.547628343105316162e-01,-1.896854490041732788e-01,4.329637810587882996e-02,-2.069763392210006714e-01,1.665986143052577972e-02,-8.846017532050609589e-03,6.010536570101976395e-03,5.196944624185562134e-02,5.733547732234001160e-02,1.491057593375444412e-02,-4.394195601344108582e-02,9.788227826356887817e-02,4.014928638935089111e-02,-1.394129544496536255e-01,6.958022713661193848e-02,6.638346612453460693e-02,-1.809621346183121204e-03,5.564312264323234558e-02,-1.381849497556686401e-01,1.122967805713415146e-02,-8.200221508741378784e-02,1.914338916540145874e-01,-3.015437908470630646e-02,5.791949108242988586e-02,-3.146287426352500916e-02,-1.366091240197420120e-02,9.417918324470520020e-02,-2.576396800577640533e-03,-5.294874310493469238e-02,-3.736983239650726318e-02,-2.450529672205448151e-02,1.348330229520797729e-01,-4.064857587218284607e-02,-7.529857009649276733e-02,1.661122590303421021e-01,6.147653982043266296e-02,-6.145912408828735352e-02,-4.084467515349388123e-02,-6.185974180698394775e-02,-2.138552218675613403e-01,-1.397914439439773560e-01,-9.522952139377593994e-02,4.269782453775405884e-02,-1.098687946796417236e-01,1.267079710960388184e-01,7.759822905063629150e-02,7.944540679454803467e-02,7.883899658918380737e-02,-1.041427068412303925e-02,-1.377779711037874222e-02,1.105789542198181152e-01,3.839354030787944794e-03,-1.876822263002395630e-01,-7.878526300191879272e-02,-1.385475397109985352e-01
